293
211
457
265
218
565
402
269
250
697
208
293
339
198
236
232
183
1097
380
496
248
317
379
434
876
358
357
714
415
498
338
237
193
320
289
176
308
264
203
479
234
185
243
246
266
329
216
241
583
287
179
183
179
598
177
192
218
226
189
246
220
179
333
494
178
220
328
238
213
317
611
291
318
176
218
275
263
240
263
274
352
805
217
667
443
192
456
1542
1361
377
1748
237
404
223
1145
259
1100
4542
2940
324
1699
1416
683
188
1256
1236
245
879
670
338
248
639
351
399
698
532
317
505
349
799
599
185
496
246
429
274
266
582
226
763
272
293
270
217
180
273
203
540
282
366
669
253
191
254
206
285
421
391
579
758
550
252
230
265
544
207
196
229
455
624
286
227
186
203
239
937
237
181
176
348
406
244
176
182
420
219
199
176
176
302
366
255
188
871
508
201
184
208
335
343
276
229
301
386
220
381
179
200
701
698
195
286
420
214
280
510
268
584
904
233
176
182
636
208
947
937
192
286
353
188
227
228
176
218
183
288
181
286
502
202
194
236
328
176
220
352
177
246
481
298
211
228
280
176
327
296
179
396
591
701
527
188
327
358
215
249
211
293
280
227
485
315
245
241
228
907
308
407
314
181
570
194
281
209
312
189
252
194
328
303
180
289
252
254
244
229
184
386
608
188
186
220
868
176
182
308
252
264
215
460
300
315
185
270
386
189
176
300
250
485
264
211
477
207
184
227
185
284
224
895
483
279
409
192
252
180
400
181
257
256
299
334
214
318
230
536
320
215
400
380
176
209
286
330
296
215
187
366
541
269
801
176
187
367
222
228
289
263
305
293
177
607
1122
666
345
412
393
612
605
235
897
219
182
190
229
288
289
560
318
415
341
331
693
342
332
208
176
288
333
246
190
223
222
181
182
176
227
226
320
475
224
216
238
266
286
586
517
484
419
349
229
299
210
220
240
189
212
221
177
449
433
464
199
649
194
442
260
254
220
232
225
288
234
242
181
428
375
557
589
394
301
213
176
430
230
304
402
407
236
451
363
266
202
374
322
255
238
323
407
460
240
226
1159
744
404
195
673
417
473
3220
1800
589
1072
240
176
333
176
581
590
250
224
198
455
982
473
299
290
257
626
406
346
615
1069
279
283
366
584
413
214
216
478
359
226
181
179
421
467
179
197
331
194
289
250
197
245
573
274
313
270
287
226
178
258
427
308
263
231
265
332
224
179
300
176
1107
195
182
299
185
184
431
762
204
563
176
232
217
265
225
209
447
199
274
267
192
382
340
190
2103
538
789
1321
362
176
491
207
458
771
194
191
232
970
528
757
221
1119
197
341
346
188
218
279
182
677
820
311
401
423
316
249
202
207
277
284
503
295
453
195
340
311
320
334
504
205
297
178
460
203
206
316
201
300
308
723
308
285
224
186
747
185
623
307
286
209
229
199
187
463
176
535
345
335
191
196
762
323
233
256
319
342
189
206
345
185
226
182
227
337
205
200
256
348
200
277
652
411
953
471
375
942
270
287
197
319
266
456
225
238
331
176
792
285
314
248
2185
345
231
352
210
356
477
989
713
276
226
176
591
323
225
221
187
338
340
277
327
198
246
396
668
266
272
233
291
187
176
409
176
437
509
853
189
644
262
190
194
268
179
342
994
750
383
377
577
390
680
521
275
316
419
230
206
780
206
781
230
263
393
302
181
222
191
323
204
226
386
198
293
234
394
256
592
623
211
251
278
273
182
213
215
233
222
180
427
643
195
366
504
187
184
431
624
468
188
323
204
285
378
206
358
454
266
982
332
438
814
377
388
228
235
197
259
330
257
267
518
257
203
199
176
176
336
341
790
255
335
587
184
180
248
225
208
228
176
250
265
846
473
183
373
286
443
176
1050
540
1476
226
857
206
184
208
287
220
186
199
269
335
623
958
724
287
687
610
203
869
210
296
267
229
185
556
189
176
202
229
568
298
195
183
474
233
425
194
215
286
198
218
185
314
299
287
201
319
196
176
207
522
216
205
204
225
335
181
1600
254
233
878
287
267
459
213
301
511
211
229
176
181
483
215
198
251
176
458
186
318
414
419
223
649
181
191
265
776
516
231
207
285
218
182
182
702
192
325
374
666
1425
838
692
300
295
302
255
371
312
304
365
176
314
186
215
182
345
326
255
255
187
195
408
222
217
374
299
255
276
313
184
369
377
542
383
286
426
404
611
439
408
340
1749
283
1449
179
176
267
176
316
184
179
217
260
228
291
278
298
222
178
217
200
176
194
367
243
227
176
282
202
540
176
245
247
176
428
316
182
245
786
284
305
355
194
307
184
478
306
233
201
194
451
222
243
211
318
240
327
176
357
191
449
563
217
195
196
296
266
534
240
188
467
231
334
219
346
187
276
234
290
176
609
191
355
188
188
344
445
340
402
504
396
669
607
542
427
243
386
185
193
191
195
235
531
872
346
324
917
372
542
727
176
959
240
216
475
266
392
298
407
376
347
197
221
312
236
582
250
184
320
347
303
199
249
371
220
199
188
375
254
267
245
344
259
489
257
178
242
180
178
209
591
250
1618
289
190
177
177
528
279
369
690
182
247
430
193
964
388
217
220
842
281
452
482
185
206
176
177
210
646
548
178
195
286
266
219
212
440
311
297
195
186
312
196
237
232
239
250
201
338
268
258
318
371
620
912
178
191
1289
656
222
350
416
281
883
1002
183
241
264
550
365
415
370
216
458
468
231
222
291
228
223
2070
502
214
278
361
676
218
244
459
261
711
184
195
254
345
626
327
374
176
179
214
256
178
586
358
366
244
453
919
228
202
216
193
680
228
261
229
457
258
207
213
212
254
320
484
197
284
258
322
211
188
723
546
321
351
240
222
176
249
217
341
500
1967
296
278
771
525
504
550
533
1544
225
312
215
505
378
184
774
178
355
814
219
287
498
195
265
223
199
183
313
181
543
267
314
1386
176
203
430
315
500
575
2039
861
309
231
417
333
226
340
178
204
313
468
612
263
336
418
207
459
188
517
188
268
344
178
249
199
178
260
181
310
1036
218
481
211
242
295
302
182
258
373
203
237
205
208
633
257
516
310
242
290
1100
764
1140
378
380
286
697
422
196
193
1151
641
185
179
440
306
176
460
183
221
238
181
309
230
265
219
176
176
211
184
321
460
325
309
338
1664
715
339
436
906
526
459
1260
804
515
729
176
391
319
363
257
465
202
587
599
1145
281
179
280
221
243
315
433
205
231
242
295
221
213
221
254
199
277
451
178
467
209
373
434
424
670
318
231
711
263
299
224
469
1772
196
364
447
561
1089
352
498
229
181
232
341
245
545
559
193
260
412
650
721
176
732
254
176
207
375
283
277
240
437
1044
207
442
258
989
341
275
229
313
410
198
359
202
232
433
291
176
557
187
1498
176
215
207
363
251
517
392
176
373
232
239
232
456
311
433
450
275
585
196
283
330
236
189
196
185
269
360
194
179
861
618
1361
565
180
983
224
208
321
578
241
790
298
230
893
1185
472
202
212
467
276
484
194
343
182
453
1376
709
774
1516
192
267
217
518
325
784
2099
1088
602
1560
1304
443
832
281
176
620
232
719
1532
610
565
606
177
508
260
200
265
1147
559
368
319
896
2315
230
683
196
599
220
298
177
181
178
335
532
308
301
297
208
242
181
331
538
227
178
191
375
275
220
463
176
306
291
227
214
500
349
176
800
323
268
215
195
324
241
336
219
289
349
293
246
176
252
178
404
277
183
204
224
577
436
687
788
267
184
178
387
1052
458
176
411
184
178
237
180
441
229
257
224
304
374
584
184
186
186
873
297
188
440
446
260
201
332
1180
278
214
176
222
436
371
491
210
205
384
253
253
201
622
782
956
457
332
358
262
186
523
302
348
508
340
316
388
176
365
195
202
202
650
647
176
316
432
208
290
226
203
242
419
204
275
209
910
186
206
504
176
206
241
229
274
192
359
176
319
181
196
176
279
352
911
181
270
222
182
232
214
328
222
265
279
453
468
285
785
462
332
263
596
176
196
331
204
181
201
307
672
556
222
176
280
176
238
568
276
381
331
204
188
219
297
281
232
375
1087
266
1234
1077
1731
1826
805
1350
487
848
372
563
1644
661
494
496
278
208
278
520
1034
184
330
418
1409
586
287
294
203
419
296
177
245
349
493
203
345
697
223
235
177
278
253
227
205
354
208
242
650
210
220
242
337
176
185
295
350
426
207
205
192
852
492
303
313
250
225
611
228
377
469
258
373
218
444
176
191
366
232
845
232
3700
287
779
932
314
737
261
652
1322
854
250
184
589
608
176
225
176
215
255
190
234
195
366
1130
206
481
984
1824
829
381
823
201
179
264
276
477
294
869
255
176
389
199
308
316
191
177
709
285
441
1081
1295
224
332
187
180
176
183
336
1154
349
2211
313
209
183
208
234
372
183
231
215
336
188
275
190
176
916
521
432
293
203
225
607
390
417
232
188
334
388
247
309
238
305
210
332
828
285
418
189
194
302
274
237
179
197
432
369
189
297
201
195
176
214
532
293
228
410
470
197
472
631
225
493
200
221
292
177
246
228
225
246
176
665
248
357
375
528
234
176
232
351
215
232
231
210
222
249
302
176
201
198
176
266
230
176
217
177
236
297
206
356
326
323
194
284
202
313
202
177
207
261
1801
436
292
252
246
226
853
330
743
296
211
331
183
204
176
510
191
567
196
436
346
176
190
327
263
271
223
242
592
426
228
227
521
303
276
186
465
238
176
273
193
192
176
274
199
274
230
176
176
420
281
256
217
286
267
309
551
290
308
392
199
401
177
286
321
189
213
477
181
232
470
553
176
256
591
337
554
228
236
176
219
180
180
176
181
481
435
293
186
456
181
422
248
308
200
276
381
431
275
207
295
176
194
208
2206
233
380
273
352
487
438
1374
328
181
414
213
219
177
222
314
499
316
252
243
313
176
303
211
331
197
204
279
400
226
383
244
187
539
435
3709
682
418
176
183
194
242
1595
274
297
222
208
177
259
202
719
181
201
275
307
283
202
210
218
176
528
176
258
992
388
328
749
275
225
289
318
204
180
242
217
407
337
369
374
193
228
239
617
1295
297
245
393
233
189
543
476
176
321
197
201
176
185
185
542
279
176
182
302
214
253
222
289
479
201
190
307
223
522
249
416
179
262
198
244
2243
217
222
416
185
274
302
176
186
180
511
441
523
493
2011
2138
353
631
176
229
2866
768
277
545
186
389
451
541
458
216
478
838
1320
1369
4288
337
486
2850
4762
639
244
680
1086
285
267
1441
2307
792
217
4416
247
467
532
185
215
1412
392
4612
1899
1103
975
296
552
733
3880
1272
254
661
406
852
1899
293
420
369
1231
432
409
1013
226
2248
2179
701
247
3091
283
6063
2500
497
741
192
212
818
199
994
313
378
196
2435
425
283
740
306
567
289
337
209
1150
2881
829
188
271
405
200
597
176
180
254
605
865
561
409
1359
239
2156
242
872
299
369
1384
238
466
180
404
213
255
637
303
205
268
178
178
1007
579
453
439
237
385
243
326
492
218
607
453
353
176
176
424
662
865
1614
1235
469
229
435
202
710
276
255
475
240
180
206
267
189
531
528
319
282
566
259
176
247
305
927
196
324
523
197
214
927
235
248
176
244
267
264
211
657
188
344
193
280
207
177
245
277
198
711
250
213
221
201
238
216
288
344
186
176
184
1137
258
190
190
204
502
263
191
481
178
241
380
517
186
363
189
202
354
229
176
615
388
402
367
372
241
236
300
279
243
205
1776
233
270
238
192
325
181
182
505
176
303
281
441
176
282
594
364
275
281
243
659
220
226
257
456
259
318
674
411
340
877
705
1435
532
176
509
1418
460
327
847
1229
205
196
301
329
524
335
258
220
225
389
280
897
1360
557
208
353
214
1928
191
1543
993
828
264
749
188
176
234
759
835
489
1167
218
322
334
254
448
183
176
277
473
393
176
460
989
529
540
231
176
366
477
277
221
1190
374
765
340
193
226
216
189
938
382
194
255
219
336
276
305
273
322
304
277
351
292
1314
327
1634
1208
844
325
184
176
205
207
204
239
407
443
240
667
1257
1144
232
321
185
176
361
176
203
176
306
377
559
391
176
313
630
279
250
2833
425
3683
463
651
200
176
176
286
389
176
610
693
392
196
176
1589
352
3538
860
1879
433
1188
176
197
545
568
367
311
738
176
348
211
640
382
341
291
225
712
1973
578
695
193
181
877
457
1390
876
568
1338
221
218
185
269
571
176
474
281
749
725
344
263
204
183
301
204
210
292
254
223
887
220
707
288
252
408
472
285
289
321
290
294
184
456
224
385
296
678
190
228
251
598
203
269
179
194
198
753
447
180
338
209
253
219
255
1047
307
436
250
224
184
229
281
339
306
321
561
257
665
1145
332
387
176
247
267
517
273
895
353
622
454
221
430
511
405
560
351
383
391
262
290
354
188
204
456
257
294
315
419
517
194
176
244
271
203
404
190
203
224
256
204
249
2192
248
385
222
226
188
202
474
242
196
191
182
189
287
176
213
185
342
192
176
471
251
434
425
262
177
341
654
194
420
294
281
208
291
232
263
310
395
491
239
176
244
238
187
373
274
607
319
393
335
236
192
183
346
302
208
211
408
208
203
182
731
231
252
176
330
185
524
641
594
242
419
257
561
825
190
197
267
442
472
373
185
384
560
422
1037
308
300
218
176
346
279
222
485
192
543
252
1175
1444
491
945
283
205
395
288
565
176
341
275
282
409
195
342
200
313
191
522
259
176
494
196
176
423
511
221
387
449
284
738
449
262
546
320
221
837
178
241
199
210
195
246
598
720
534
222
408
302
321
285
435
185
200
187
228
255
288
411
226
269
769
242
1582
1123
742
1662
231
459
266
212
457
237
176
208
185
554
300
1122
241
1048
340
217
176
594
690
186
300
287
4851
1091
1417
763
358
268
181
446
330
439
458
5311
975
177
176
252
303
1080
1090
379
1357
329
480
203
976
576
1073
788
622
314
317
217
446
843
1136
2197
1134
1671
210
234
748
179
271
3967
530
179
813
176
208
303
320
447
426
337
179
967
176
369
242
305
304
715
258
1112
182
228
376
251
223
196
270
264
176
243
348
205
363
195
760
774
179
611
178
176
361
190
365
275
416
219
535
296
235
275
201
217
176
205
176
324
356
487
335
187
281
560
270
186
204
384
213
280
278
314
400
303
176
177
673
177
182
305
187
262
283
218
306
258
361
240
217
316
367
205
222
218
482
237
432
444
1618
1159
817
205
723
176
179
231
298
281
217
304
194
196
180
253
430
290
401
315
272
339
259
310
336
181
324
234
198
205
227
283
238
368
176
328
522
762
543
197
254
552
851
281
449
258
296
258
1282
1189
1024
498
328
203
176
220
1488
364
220
176
199
861
176
344
307
552
217
249
225
306
217
248
187
203
354
295
229
188
178
344
210
176
349
421
222
238
187
272
293
222
235
490
176
217
184
198
345
563
249
198
190
270
179
544
212
176
196
260
266
273
179
221
196
331
266
176
207
237
576
245
319
215
423
181
399
179
314
919
182
198
470
287
394
550
350
246
176
189
224
351
176
371
234
313
198
1605
1258
202
1199
305
207
1459
493
662
270
604
1245
245
260
261
633
200
176
196
301
298
177
752
229
460
176
342
220
187
229
366
538
190
387
451
231
335
517
294
182
245
547
227
192
227
501
176
176
246
186
260
217
557
553
176
253
210
279
200
338
380
258
185
193
188
280
575
397
236
200
976
537
299
322
259
254
227
309
325
251
226
487
176
320
236
561
598
246
214
305
293
323
257
704
212
1258
600
1174
424
228
210
286
315
207
268
255
261
176
222
345
286
1330
700
2792
176
259
1773
185
303
434
508
327
449
319
226
194
209
196
233
427
652
1042
289
226
203
250
272
340
185
237
426
179
264
231
176
176
307
433
248
184
269
945
337
193
274
216
279
176
283
353
191
210
276
249
257
182
271
317
296
626
1119
820
240
345
185
283
179
216
967
372
256
270
243
181
176
247
306
672
447
213
189
573
268
626
1119
184
185
222
584
252
285
216
185
195
354
651
183
309
239
273
283
244
650
294
190
194
361
217
188
298
442
892
197
473
248
358
188
289
176
358
1612
1161
510
236
176
312
232
445
191
176
192
403
395
284
192
184
196
200
254
235
255
510
176
407
407
236
1275
270
419
176
277
236
1103
591
180
183
391
351
318
600
446
760
406
456
1041
558
242
522
808
176
273
420
500
234
234
354
208
298
279
247
383
427
179
182
208
376
493
826
538
553
176
204
218
570
188
204
225
324
181
552
199
492
534
202
184
198
196
222
264
235
244
263
532
298
200
193
289
180
241
377
177
231
360
305
435
185
406
393
339
178
192
266
455
270
193
176
398
245
184
198
195
256
233
268
243
1223
883
308
397
395
608
339
281
193
375
458
313
493
351
274
579
314
201
180
211
176
182
291
176
178
250
572
297
181
446
279
231
192
2051
836
700
286
199
1848
294
245
546
572
632
1054
292
625
298
231
192
430
182
253
550
265
619
743
276
254
873
245
176
332
312
820
433
329
724
258
378
635
613
962
508
217
177
181
176
265
311
245
205
196
196
220
246
403
551
196
355
612
791
214
1309
896
272
287
373
214
198
299
562
243
185
257
191
249
225
636
250
289
234
211
262
533
223
401
532
230
208
1230
320
190
196
210
698
212
176
179
210
176
177
180
176
341
274
190
224
221
772
259
535
210
527
871
379
302
650
339
360
181
181
302
244
275
222
335
201
394
225
399
207
354
267
199
215
342
342
178
307
293
339
318
341
428
772
342
1039
300
257
390
578
199
622
442
313
221
501
568
193
1192
1100
354
192
505
429
189
330
222
231
308
252
262
285
382
351
232
204
375
220
414
220
203
412
555
950
526
492
264
208
536
244
394
176
299
350
621
643
716
285
211
180
232
178
432
603
198
837
331
224
240
199
324
269
558
186
377
220
523
359
583
599
835
824
252
226
776
522
176
272
283
294
1204
243
402
226
492
724
190
229
566
338
180
189
238
300
276
197
244
190
177
216
192
288
196
179
1070
218
1011
207
262
224
438
230
210
750
205
590
277
313
491
389
180
464
242
270
296
182
178
196
184
271
544
577
292
377
449
973
262
210
204
195
194
288
240
292
205
456
390
226
1690
260
417
327
210
299
394
319
725
246
262
294
181
558
344
207
234
385
525
1331
297
1030
289
257
351
226
201
230
187
304
453
495
197
348
454
683
528
278
2205
216
210
468
197
348
212
741
276
194
601
743
302
429
483
274
251
663
196
1668
319
705
946
249
197
228
380
184
370
353
396
366
428
273
464
308
402
331
367
310
1225
324
215
411
676
367
255
190
247
222
210
202
285
373
185
197
446
535
579
538
512
239
281
215
295
541
437
274
319
192
333
181
192
830
450
213
797
486
741
212
242
859
245
831
623
243
258
640
444
182
1244
608
525
327
223
182
233
388
192
283
454
583
604
399
218
341
301
184
229
188
340
286
181
177
276
308
1104
468
588
280
188
451
281
464
208
276
439
285
182
194
414
182
480
176
217
237
822
378
208
176
289
310
497
284
243
216
631
176
307
460
341
304
383
235
664
222
564
957
431
328
296
318
218
362
185
240
444
300
1024
624
437
364
395
591
550
280
237
319
632
314
297
432
194
239
329
381
1260
507
319
314
207
253
219
236
218
338
599
336
281
378
391
235
196
302
204
181
361
498
286
359
241
298
437
366
186
184
197
266
192
554
212
299
203
323
176
541
186
402
463
281
435
176
243
463
180
415
521
242
264
222
629
207
244
247
185
181
564
1190
513
751
181
204
176
250
177
4033
308
1056
1100
783
6203
313
206
294
530
256
252
545
294
230
419
1674
411
185
337
265
214
207
1522
290
330
260
544
993
192
208
187
352
396
834
440
266
299
302
185
402
268
213
234
209
499
615
395
382
237
231
334
278
424
893
1516
313
390
556
242
340
177
425
306
348
323
228
312
445
261
311
505
280
516
239
263
280
348
216
928
588
247
527
336
559
510
179
782
206
339
552
400
318
2690
254
645
176
181
344
564
1208
182
341
176
177
826
973
437
308
359
185
364
176
880
1115
1270
444
1068
451
2407
210
189
176
321
485
193
483
203
420
398
1002
522
682
1301
1766
380
324
351
193
442
282
346
274
924
318
525
354
200
476
447
283
228
390
176
237
254
306
423
548
179
844
314
319
183
312
222
305
176
265
495
176
183
203
347
189
333
379
480
226
406
183
192
434
583
506
291
191
237
597
227
245
275
422
201
403
192
255
177
268
1558
943
1463
608
574
359
538
802
552
586
510
529
373
1829
411
211
284
218
191
216
578
305
193
221
432
560
338
210
265
246
688
1035
407
653
340
227
391
176
195
311
251
186
424
262
300
428
408
634
184
239
194
320
315
180
419
774
353
661
945
236
481
224
260
225
412
176
369
182
308
221
322
1013
181
440
426
376
185
190
236
334
628
334
212
305
209
547
429
615
198
364
1089
184
317
529
213
300
573
364
209
229
176
241
181
368
180
242
248
176
196
356
228
434
190
361
539
185
632
587
187
189
176
273
208
185
319
241
244
227
209
552
339
648
239
202
185
210
223
686
267
176
191
267
451
181
700
328
336
642
497
185
186
459
319
443
195
187
195
241
176
183
190
190
282
176
320
318
189
299
203
176
210
213
217
192
290
217
271
858
268
295
368
343
246
183
176
176
233
182
362
305
205
329
694
413
398
176
575
1325
214
406
316
323
185
438
374
201
234
183
230
252
342
203
316
354
256
428
574
534
193
280
666
205
249
1011
436
478
504
280
219
546
1193
2526
481
298
213
259
425
715
362
484
238
212
788
210
329
463
251
438
291
257
915
247
487
232
252
235
217
536
272
561
547
385
212
400
346
342
588
2123
586
219
314
317
648
193
275
210
177
176
217
270
265
1860
397
344
192
501
268
211
220
187
266
189
215
548
276
194
217
180
293
208
241
446
460
179
267
188
183
267
187
197
379
194
201
256
215
402
718
890
577
220
266
198
239
215
449
237
2057
205
195
284
268
188
240
349
441
222
271
208
195
561
366
245
196
617
286
451
275
382
367
195
265
594
244
176
197
237
202
214
742
362
268
228
176
353
284
386
303
263
575
371
188
255
897
435
181
189
183
271
292
342
371
733
188
647
753
273
394
205
203
641
181
202
1277
495
213
253
457
317
360
183
575
948
210
542
181
184
198
270
284
247
391
539
549
411
379
356
319
180
207
191
492
1013
667
350
337
184
519
223
190
181
251
244
332
652
415
771
217
177
783
237
197
199
384
361
271
186
194
241
247
272
208
206
519
1141
893
610
431
550
279
498
312
290
198
253
178
242
613
395
370
375
331
202
1610
3161
332
389
217
245
892
512
199
1564
2733
3010
368
1521
367
1809
434
660
441
280
176
270
182
1667
642
222
184
241
256
279
262
216
192
199
253
217
597
633
400
209
333
363
496
181
495
187
273
478
204
186
1440
743
1486
303
580
1437
621
440
219
196
531
247
1078
178
205
184
221
210
176
248
217
187
254
302
317
176
268
267
483
176
188
558
425
183
208
290
176
295
523
387
410
271
1613
281
178
255
356
280
238
281
262
397
631
282
335
335
620
193
461
332
251
183
438
334
233
333
176
337
281
451
392
176
469
229
196
446
975
327
212
388
280
250
427
570
408
256
1231
388
1782
314
703
254
729
506
326
522
252
403
187
183
1235
549
255
399
706
176
283
355
710
176
176
278
188
220
285
328
190
310
567
296
185
525
205
299
205
237
279
305
277
313
285
205
253
293
266
181
328
209
750
303
182
373
435
498
753
425
213
198
189
388
313
491
261
417
261
192
275
264
187
176
176
293
177
453
251
176
242
225
359
277
234
177
293
445
197
660
586
387
968
275
317
182
212
329
315
192
309
390
266
422
257
414
1065
645
239
228
322
247
280
472
402
335
523
419
192
216
342
478
338
236
231
318
272
303
234
202
311
253
220
177
321
221
182
210
326
207
177
190
234
257
470
176
179
177
260
207
195
431
914
233
283
189
217
189
263
226
251
188
502
219
204
235
301
198
281
282
186
556
215
181
305
185
416
190
606
182
221
195
194
216
225
465
271
629
203
818
382
261
200
466
264
206
245
217
179
217
465
428
429
222
553
370
314
251
750
176
185
211
214
207
189
791
352
276
177
748
834
210
420
1206
465
878
749
282
417
309
199
750
519
342
251
5240
263
572
252
265
633
197
176
401
346
777
227
323
234
302
276
229
316
490
216
689
950
513
300
210
208
225
493
225
300
176
194
268
330
233
2205
360
1556
335
315
230
489
456
278
471
461
305
512
410
194
232
176
266
264
312
627
267
296
217
264
224
342
176
176
517
216
514
186
436
476
301
203
531
229
271
210
260
196
214
191
506
215
589
276
233
208
416
733
202
676
838
502
466
192
179
236
214
339
348
306
301
335
440
525
847
222
297
312
177
190
220
427
210
454
183
313
282
268
196
2869
1343
1206
232
278
242
1726
7966
1505
1274
1242
562
689
192
180
1372
240
312
212
266
416
338
279
222
229
400
381
449
188
190
292
340
243
194
448
207
245
250
1458
433
492
221
188
217
260
551
983
219
297
202
188
214
182
581
205
271
290
582
286
389
352
278
179
546
224
558
321
352
217
240
242
367
353
209
187
337
271
341
296
184
220
238
176
210
271
272
365
456
372
325
529
316
234
200
184
471
659
1086
390
904
769
222
361
367
284
183
610
182
264
181
233
305
405
176
176
241
512
232
320
245
468
228
249
643
255
264
292
176
197
538
516
356
446
588
209
467
209
428
237
215
243
375
178
302
384
399
530
255
176
353
264
482
176
365
228
272
544
444
248
205
355
497
224
370
403
331
320
338
359
215
357
356
363
409
257
201
391
325
311
191
495
188
200
176
250
353
377
191
180
333
283
182
410
326
346
230
348
253
370
404
335
181
228
351
392
240
327
192
219
983
206
513
237
610
178
331
274
267
235
313
251
301
350
293
243
192
338
326
450
361
177
176
563
275
279
298
195
333
217
400
1472
441
176
221
279
217
315
178
381
469
245
345
199
329
432
205
486
189
386
321
281
181
557
218
299
279
217
363
186
325
213
243
398
610
193
322
333
235
268
269
271
913
378
207
303
283
706
982
209
224
194
484
206
195
245
296
868
284
176
618
567
355
217
277
228
177
191
294
256
197
202
189
177
927
188
338
176
370
177
458
408
200
182
322
176
506
563
311
262
185
305
244
259
219
252
1189
202
901
231
416
187
1052
269
214
206
455
190
176
216
341
180
919
244
348
621
880
230
251
391
752
1415
176
187
239
406
254
521
1461
919
280
231
650
566
198
458
229
1886
204
510
383
202
214
434
308
176
258
299
306
178
1042
994
209
461
311
261
196
225
207
293
224
369
486
182
240
243
487
189
180
223
236
189
399
284
190
907
231
220
257
208
176
180
190
738
675
221
207
301
332
262
372
276
176
188
344
312
187
248
213
180
495
182
228
624
268
176
234
295
212
265
276
325
192
235
176
268
190
178
189
889
358
196
477
343
185
221
290
243
273
176
541
337
225
502
252
207
3226
794
185
402
408
365
230
225
421
202
186
255
401
183
199
380
496
242
210
278
246
249
180
196
425
307
342
356
182
219
244
366
233
217
410
357
280
217
243
558
456
561
315
206
343
176
317
439
452
381
244
233
310
301
191
187
176
187
205
285
218
362
210
187
210
176
244
289
247
209
357
472
202
208
552
317
347
199
271
207
201
251
216
302
392
176
267
230
243
533
215
540
179
268
250
231
200
274
238
268
247
182
744
197
1362
770
257
551
423
496
255
537
923
944
809
194
237
178
836
238
281
424
263
303
204
273
225
176
195
179
193
234
194
289
280
178
341
221
181
244
515
327
527
450
219
382
190
182
197
177
214
178
232
176
280
215
287
333
289
256
183
254
256
245
237
342
236
312
308
212
239
254
400
386
214
615
290
270
215
253
369
176
176
278
616
297
321
233
240
446
235
363
452
277
1334
199
189
490
207
234
248
281
260
309
206
256
193
189
186
258
374
211
200
239
194
252
303
307
433
254
230
241
210
199
184
177
483
371
242
383
221
191
215
285
196
205
200
176
185
179
1348
234
341
179
326
186
352
712
188
176
324
3654
361
1138
176
663
259
623
208
316
288
278
313
411
1565
217
176
207
706
413
183
2338
1214
332
1987
222
341
222
437
431
354
374
307
200
376
420
597
333
176
355
562
1330
305
527
611
827
522
274
775
988
208
950
1134
251
229
438
511
284
421
311
238
262
209
208
288
284
287
213
237
255
196
310
430
296
300
280
260
230
182
186
289
176
317
200
238
349
210
345
187
189
244
216
311
294
176
225
343
238
264
485
1068
731
210
936
752
188
176
210
176
581
338
242
197
200
192
227
260
246
483
817
239
286
265
582
179
181
178
210
176
181
304
177
775
385
262
472
185
628
367
416
248
232
707
820
176
180
176
521
226
209
385
335
339
292
263
329
369
234
229
176
399
176
219
279
323
823
393
499
188
253
884
1181
1131
1636
182
394
2269
208
408
631
1787
590
1020
636
726
393
351
201
281
292
206
183
210
234
193
216
248
338
219
198
205
180
368
190
202
189
405
183
647
457
907
379
332
279
322
267
269
314
216
311
176
380
399
275
409
1062
1224
1142
176
230
228
377
258
478
184
318
191
306
328
243
291
1055
176
179
586
207
279
220
233
176
442
463
179
219
303
359
415
273
311
448
218
290
182
176
410
195
757
398
324
758
252
324
210
508
398
997
933
879
184
817
362
198
949
490
269
374
734
247
389
555
242
263
512
200
177
188
378
252
255
362
479
386
591
200
398
319
334
746
488
190
227
494
299
424
638
187
238
539
305
288
239
234
264
469
274
180
1178
301
1275
608
194
187
200
331
445
264
184
708
442
228
176
196
568
477
184
315
422
291
514
448
221
177
311
184
237
355
383
176
250
181
455
181
300
275
346
482
1028
176
257
432
773
252
186
181
325
208
329
257
1146
197
278
548
859
390
332
707
176
608
460
295
300
187
288
366
508
398
176
253
389
218
341
274
189
228
193
247
227
245
287
201
318
209
703
337
666
356
225
235
264
527
238
225
341
251
220
232
367
230
393
198
292
184
198
204
185
339
238
188
177
244
258
710
768
176
350
384
189
239
294
420
396
305
224
308
454
340
373
318
336
184
179
900
743
204
291
266
273
240
200
218
211
231
210
337
246
388
334
176
214
270
286
450
181
430
198
179
191
187
234
184
434
196
217
256
273
339
356
176
393
335
189
184
209
261
253
231
176
233
242
315
424
250
220
252
179
358
187
277
253
197
259
443
340
501
234
348
183
178
186
177
264
402
522
219
540
417
793
324
191
244
295
226
176
210
293
761
209
280
179
199
207
179
414
185
230
184
220
335
298
318
255
227
328
263
177
205
196
209
178
397
451
547
319
382
740
203
335
278
206
402
216
256
220
196
184
260
449
176
222
176
330
208
305
368
230
253
595
234
838
176
184
354
256
214
319
339
272
600
224
250
201
513
186
440
439
266
933
176
212
274
224
310
330
745
200
458
314
176
761
690
542
297
223
257
298
188
1485
255
472
216
205
337
270
196
1110
221
232
177
293
260
265
287
709
433
224
187
269
204
234
191
460
751
238
342
192
255
372
344
211
267
333
1122
546
200
525
247
242
218
202
262
205
182
199
221
202
330
238
245
242
208
388
274
176
291
582
195
395
320
526
185
385
261
299
497
751
221
238
221
369
213
187
312
245
545
201
212
572
686
6796
214
820
289
297
383
203
555
352
182
1613
1063
563
762
305
532
877
339
208
179
215
189
407
385
212
225
197
206
312
479
415
358
446
201
239
280
260
251
267
213
242
183
183
287
292
249
186
552
397
775
208
303
180
298
675
346
525
233
252
390
777
831
8992
661
1112
226
406
526
2467
1053
696
242
357
685
178
231
193
690
359
557
573
196
234
916
199
284
522
274
500
210
185
199
176
240
294
281
269
347
1054
903
499
289
192
223
278
249
740
425
267
179
325
556
189
580
340
519
222
243
238
176
225
763
336
876
176
282
272
398
252
361
737
484
227
194
188
262
343
1909
200
1083
197
339
252
260
286
185
176
240
298
194
449
392
177
397
301
176
399
201
183
359
177
187
176
210
380
303
219
1167
370
181
3435
2767
183
245
222
480
432
570
199
280
253
290
176
648
200
257
195
1143
176
232
264
523
1254
721
415
177
322
260
527
196
200
176
337
208
176
191
517
329
288
209
208
269
511
176
346
540
178
198
627
204
325
185
402
390
185
615
370
457
229
176
283
233
408
176
176
995
231
322
188
188
199
176
196
320
384
395
952
312
343
408
214
454
469
264
1023
449
247
568
181
251
176
975
238
1182
743
496
643
519
364
230
550
234
422
233
179
1725
180
533
459
221
335
342
418
224
177
197
178
267
179
782
180
246
472
267
230
665
177
466
629
404
224
409
193
234
220
320
210
512
468
346
176
208
195
459
213
312
176
178
411
178
282
449
745
282
218
346
755
467
194
234
243
192
177
338
179
185
347
255
202
594
290
738
985
818
272
271
521
405
230
181
332
368
334
272
668
798
260
176
264
237
277
660
361
481
266
975
228
234
176
186
296
267
297
213
196
188
466
214
1002
342
221
330
183
257
238
225
313
262
203
499
318
476
427
620
248
307
195
199
255
397
190
203
179
229
176
623
291
294
760
272
628
492
296
420
328
533
712
597
289
234
371
340
272
183
270
181
2055
548
288
342
270
609
176
180
219
373
176
737
287
202
291
405
183
402
499
330
327
292
197
339
1718
215
212
282
992
244
225
246
1292
381
334
176
216
176
277
227
307
440
232
413
230
223
195
262
195
257
285
302
433
243
176
279
249
322
664
191
282
234
330
218
287
532
324
209
219
192
176
536
236
216
184
254
191
215
421
281
224
315
380
485
264
216
203
182
191
365
181
229
337
524
323
246
865
220
183
259
247
176
176
288
539
564
432
342
177
193
235
228
230
348
200
441
343
300
518
975
293
352
183
257
176
265
179
180
433
180
262
367
189
385
256
220
259
186
264
210
328
197
439
243
277
456
192
195
990
219
190
176
3226
517
636
512
181
451
329
176
283
294
336
189
176
264
496
584
499
265
269
222
409
231
353
282
497
192
231
310
265
288
200
183
248
192
340
245
221
176
354
205
282
210
176
272
290
201
254
348
303
222
397
261
208
437
1037
294
566
190
240
321
273
504
218
222
903
318
209
243
191
479
259
303
370
342
202
192
181
199
730
1122
214
190
869
317
239
237
647
345
1091
1120
250
185
178
322
176
316
1221
383
790
226
213
535
632
297
227
726
1825
176
316
292
187
208
284
212
290
212
230
217
176
212
321
184
347
236
194
191
187
327
176
318
238
319
279
288
352
497
440
223
346
294
198
188
217
176
285
279
185
263
176
404
290
242
289
192
230
191
202
208
321
1479
190
254
176
349
237
257
260
188
237
536
640
391
278
217
321
199
306
226
344
346
396
346
183
245
795
300
340
242
231
189
430
182
176
241
201
274
375
196
268
271
194
197
262
743
423
375
196
437
212
176
439
194
191
189
241
249
176
299
228
227
176
341
212
195
541
226
178
379
249
330
414
279
626
240
495
178
254
268
741
1071
315
199
261
613
463
334
199
334
294
220
459
224
223
213
247
329
435
358
353
178
178
387
457
204
225
276
368
343
264
463
331
530
179
450
219
240
292
293
343
283
176
258
641
335
330
301
505
479
247
246
185
391
192
387
325
421
241
185
224
179
758
818
238
750
1221
456
177
340
588
575
340
286
187
274
279
385
607
277
194
388
182
210
276
399
272
200
187
323
345
387
391
441
339
293
273
817
364
320
277
239
301
278
488
283
245
176
176
343
850
213
265
617
431
264
356
532
241
176
325
357
353
378
349
242
257
196
239
219
214
310
216
225
278
255
185
356
380
261
225
269
316
187
988
176
1220
339
178
183
186
435
188
197
270
204
214
302
176
268
198
262
274
574
1001
701
189
213
303
229
533
1095
708
353
936
222
200
221
309
203
212
216
312
187
303
759
185
523
696
775
535
963
497
263
421
376
474
972
310
243
403
1130
437
308
266
208
269
183
338
249
406
193
282
227
256
283
569
232
477
452
1938
411
746
1392
479
447
493
316
309
342
259
512
852
592
250
195
205
213
350
447
758
176
176
187
201
176
299
176
310
294
281
204
214
192
508
255
243
365
198
177
279
222
206
194
182
356
203
197
771
371
192
311
614
464
741
203
328
337
238
571
196
523
252
719
522
410
195
342
295
1465
346
241
425
182
964
1074
2585
1672
1794
209
209
254
406
335
260
716
457
321
272
313
299
397
531
865
184
252
473
399
449
749
275
245
220
194
176
289
375
176
176
262
437
221
609
201
188
208
222
299
254
202
249
679
363
308
4163
1040
287
285
189
227
652
305
295
205
205
336
177
196
243
176
205
283
200
196
244
176
185
178
268
239
382
229
576
176
187
389
179
226
312
206
224
596
355
196
222
312
309
176
314
234
220
361
317
439
264
286
533
226
176
276
220
499
369
227
259
331
182
204
262
233
182
226
283
291
298
356
549
961
216
395
176
227
244
299
251
231
388
365
301
189
656
455
188
363
350
411
222
278
182
632
1539
321
229
1612
471
213
228
210
257
231
232
431
200
319
317
199
389
233
244
193
273
314
285
202
220
1071
796
618
288
320
329
215
176
229
634
394
248
345
207
176
296
339
672
277
234
178
176
219
359
433
212
257
501
176
176
340
460
192
367
231
318
177
176
245
200
187
382
176
340
440
786
904
728
285
192
293
254
294
274
265
302
253
673
488
567
646
229
234
586
211
229
886
1265
176
256
273
257
764
379
312
243
635
463
488
314
302
176
247
179
248
187
255
176
253
274
393
405
481
418
215
280
176
181
216
268
743
197
270
361
291
205
222
217
555
352
334
430
264
179
196
366
229
192
264
303
793
461
280
218
184
380
302
284
183
204
201
389
516
194
182
189
277
237
189
221
196
230
222
316
176
340
943
374
567
176
319
181
233
241
407
323
4819
806
259
254
605
206
206
492
177
333
209
499
357
629
453
242
178
404
195
296
186
339
176
262
252
337
197
294
197
237
566
338
364
176
309
183
250
339
207
311
896
323
190
249
192
231
176
335
181
546
282
181
298
521
203
176
176
212
514
450
344
225
214
289
198
190
468
236
540
405
584
206
202
401
198
194
474
318
176
1083
534
198
265
292
231
184
194
216
243
204
191
198
595
178
195
190
188
259
386
314
239
410
204
197
457
353
366
511
569
345
217
218
204
451
185
214
275
181
374
301
242
192
259
176
506
574
230
718
392
232
188
193
334
548
252
283
246
251
286
499
533
610
396
568
342
539
748
813
187
348
274
233
296
253
273
253
428
714
176
351
277
187
225
215
791
417
281
347
595
446
176
343
176
280
234
189
256
228
176
1003
195
267
555
200
445
275
429
237
214
201
323
231
200
201
288
275
367
1352
422
216
183
360
449
176
682
421
580
211
319
304
479
352
516
409
906
251
270
198
186
227
668
182
182
186
186
489
513
207
580
217
188
227
191
300
223
275
183
243
230
197
189
432
179
508
200
181
288
661
536
212
361
420
555
512
337
279
424
287
219
1494
444
679
1138
325
219
200
217
246
227
264
353
211
199
194
185
198
189
348
245
287
283
1824
326
192
261
190
361
176
182
228
628
1151
394
368
500
264
940
176
302
417
233
210
179
178
335
197
262
207
363
285
588
197
458
280
297
740
240
306
822
1199
210
505
187
211
262
196
258
203
264
325
196
299
545
227
209
305
945
199
191
220
391
176
338
301
308
264
325
227
249
339
229
652
246
251
224
216
217
206
349
232
370
343
381
503
192
466
226
192
250
694
750
283
398
202
496
264
196
766
270
512
519
187
239
296
305
344
415
301
461
1365
797
454
677
949
279
1569
280
176
280
392
231
655
227
249
176
422
201
262
249
328
775
176
681
359
1196
222
209
412
343
462
1305
1387
268
278
485
199
288
457
938
296
193
202
368
219
235
256
220
203
176
201
287
478
228
483
416
176
176
210
185
176
224
265
534
254
1158
529
389
975
232
213
337
327
176
408
3030
191
385
283
256
192
285
325
361
205
177
355
604
228
442
176
564
176
176
397
291
655
380
359
197
311
287
364
236
179
239
213
176
831
188
177
208
193
192
186
189
233
203
235
196
208
176
244
242
179
404
220
201
444
243
199
589
407
558
196
321
184
208
260
437
228
176
204
284
176
248
689
219
256
180
739
214
279
419
962
197
226
400
602
554
1037
1120
252
599
458
202
367
234
881
292
205
263
299
754
822
1072
331
791
1193
580
471
1986
382
1297
493
569
190
386
221
557
184
176
319
189
176
185
417
313
486
240
176
357
204
252
293
180
187
176
212
333
266
176
183
212
178
189
339
191
364
218
567
230
209
292
188
205
470
176
476
3305
197
210
176
228
265
213
270
235
238
452
204
211
2890
230
416
1246
218
241
251
313
356
513
836
224
249
523
537
332
177
207
180
512
542
337
194
199
199
444
305
244
176
243
324
306
350
284
498
375
260
177
224
252
201
286
181
176
485
327
346
202
203
210
176
210
178
198
202
441
285
293
518
1563
439
290
374
528
495
476
598
830
448
1092
182
333
260
310
1343
2502
227
201
1903
417
194
176
1074
219
527
189
752
252
176
177
193
185
882
683
191
230
199
446
213
403
476
244
208
537
183
315
296
297
306
677
256
396
224
261
293
634
180
263
324
267
200
1191
198
240
190
250
225
339
176
690
180
329
177
1822
236
252
231
233
296
176
212
200
183
185
237
268
946
431
176
480
279
280
229
364
321
250
360
198
586
422
207
532
604
185
320
235
257
243
182
213
266
337
218
180
541
297
488
276
177
369
603
259
564
235
735
231
460
202
237
461
193
358
265
345
393
262
538
276
221
539
2086
363
281
341
620
883
557
218
274
288
216
258
475
361
466
436
336
268
560
291
265
553
247
823
177
502
176
176
1066
241
552
241
208
792
396
195
215
248
184
247
372
176
305
203
202
305
430
179
381
269
226
242
335
305
342
531
401
278
317
300
279
231
620
333
586
237
223
706
176
484
362
325
206
246
198
239
256
182
212
176
191
337
502
679
183
193
479
975
176
230
285
193
199
534
818
1376
209
720
559
258
314
357
387
176
338
516
281
252
313
202
196
183
777
228
245
239
220
210
245
228
210
310
291
911
324
224
351
184
362
176
459
194
315
232
827
618
299
186
264
533
516
238
210
334
179
318
269
381
281
283
692
216
295
229
316
345
254
441
355
212
248
470
282
262
202
308
190
358
211
193
296
177
275
227
400
280
201
214
202
254
176
195
176
189
397
512
186
207
267
255
178
220
183
251
190
267
225
205
217
317
496
181
243
279
215
290
286
486
673
204
269
210
479
321
297
557
424
415
808
635
235
347
182
549
205
415
231
284
253
302
649
337
479
1255
177
451
250
232
176
225
397
212
188
410
190
387
275
200
769
242
363
178
332
618
313
176
225
548
904
376
176
738
433
297
316
392
590
1212
371
235
382
527
314
449
225
205
297
238
180
582
176
479
268
239
187
307
347
556
250
268
235
437
354
209
234
387
220
534
354
466
203
231
805
452
262
460
205
438
1316
478
353
320
262
493
935
559
415
195
272
233
295
314
666
390
248
227
269
202
282
176
219
194
642
487
357
286
205
439
408
182
359
303
255
453
401
233
244
291
230
423
456
202
344
223
194
182
226
302
225
230
324
495
256
425
245
424
366
292
180
200
334
534
179
261
288
355
250
211
231
249
191
593
406
490
212
316
192
348
185
190
242
181
241
393
176
214
177
299
394
544
245
211
185
329
209
176
280
355
280
177
289
185
366
331
193
287
349
186
307
194
191
240
399
185
286
354
198
357
348
269
187
282
216
299
176
203
176
176
297
301
181
292
638
685
362
464
428
265
305
472
302
436
182
815
310
307
201
1986
428
3081
757
1118
245
315
218
228
756
444
226
232
304
179
300
310
225
312
803
176
176
190
465
1253
243
352
349
302
178
392
416
330
182
224
408
276
247
255
459
179
235
284
237
307
330
348
195
192
525
307
212
405
324
342
318
176
259
209
353
666
270
331
302
488
219
378
347
177
294
198
290
236
176
188
176
220
180
358
824
219
304
420
240
193
196
241
215
472
210
421
236
262
202
452
204
478
381
207
632
206
322
239
209
195
471
503
273
215
287
186
176
205
233
506
195
196
205
357
212
232
189
253
202
194
282
214
366
346
567
187
378
297
203
236
285
237
191
211
179
284
178
286
231
381
251
263
237
425
288
1172
491
222
335
226
787
600
299
932
296
331
203
636
284
266
194
183
267
198
222
194
176
190
239
343
197
189
177
177
198
183
508
551
204
178
458
180
194
484
443
200
178
259
264
196
293
176
180
369
509
357
495
316
195
250
266
369
185
224
240
223
2709
176
215
224
273
270
214
237
412
176
196
506
197
179
455
398
811
1086
517
186
176
788
273
196
637
597
564
314
524
485
301
176
196
307
366
497
358
372
176
256
250
176
344
206
212
403
176
218
291
211
284
267
399
217
348
324
293
281
181
212
181
256
253
300
259
372
201
216
208
284
501
208
176
414
225
191
211
190
517
628
1630
324
196
178
201
182
391
689
194
194
647
272
195
190
438
229
981
737
289
179
290
487
413
229
555
248
247
508
226
403
315
236
257
296
213
233
279
380
272
247
249
283
298
199
351
308
214
176
763
189
413
176
813
344
188
313
210
202
206
470
196
323
359
235
206
185
251
464
317
209
283
190
204
327
179
535
554
180
242
176
224
365
251
189
626
248
379
182
210
981
341
218
176
377
236
596
649
235
819
255
265
286
178
577
230
238
206
369
307
210
327
410
385
343
384
193
402
209
183
179
211
179
177
324
202
189
195
196
472
271
182
227
310
228
262
236
206
370
337
176
224
237
236
276
223
212
604
494
291
235
176
423
289
318
240
291
236
365
213
286
196
376
212
307
493
336
238
247
309
198
377
222
227
239
520
376
210
396
192
210
255
178
1464
676
362
552
176
1134
291
387
178
247
185
480
324
214
176
179
845
176
308
412
239
252
218
256
340
447
206
272
199
208
311
1220
298
585
176
268
437
190
191
221
221
176
310
440
993
298
266
353
622
956
704
378
253
218
401
333
598
243
902
216
334
345
463
189
180
240
330
241
645
414
266
196
756
321
1296
852
650
213
203
420
247
224
379
321
326
293
315
549
270
226
297
245
409
213
228
176
220
777
1181
515
455
544
230
234
410
340
465
183
279
373
223
789
379
253
275
338
280
547
218
451
235
288
366
225
445
316
380
376
263
187
176
850
901
234
562
627
463
1083
211
326
186
386
370
190
305
310
278
176
224
211
388
938
192
240
465
921
176
180
183
190
214
350
287
367
396
436
281
206
176
352
288
313
210
468
193
180
221
236
397
377
201
439
305
386
183
363
314
224
388
380
243
429
270
203
210
203
176
217
404
264
207
180
229
226
208
336
511
188
246
696
190
177
406
215
390
176
503
179
1567
209
806
268
286
290
558
403
549
176
176
262
252
384
1137
390
951
746
245
230
370
198
260
199
346
273
179
387
205
319
196
189
455
400
220
462
225
200
176
217
216
243
233
300
243
300
176
203
280
267
266
292
240
253
277
226
709
181
315
295
295
290
585
180
257
183
444
238
203
309
207
181
580
239
483
218
415
230
176
201
180
435
449
610
341
302
326
202
178
223
417
176
176
207
372
205
257
305
474
236
317
176
309
183
2040
552
200
186
217
249
224
315
329
285
259
253
207
277
293
231
206
269
240
374
227
227
178
198
501
233
339
618
243
236
1207
1234
308
771
972
360
332
176
329
728
207
210
430
274
241
298
840
176
