174
936
241
745
501
453
243
1137
445
350
1268
480
304
204
445
228
323
335
386
760
303
183
1554
171
534
442
1181
874
481
260
171
316
235
246
250
354
448
196
560
314
747
232
577
315
1157
302
399
354
210
322
191
313
171
171
355
212
226
181
213
171
328
294
275
345
247
176
244
665
480
194
252
205
172
333
908
320
263
213
203
195
255
1596
365
417
240
378
657
301
376
171
436
338
785
824
315
286
239
207
184
283
255
1539
434
449
286
513
207
500
209
601
225
599
171
181
215
334
177
315
171
171
195
295
241
412
235
202
323
368
185
296
249
706
207
325
171
250
211
325
237
565
187
1460
627
318
211
308
246
230
191
461
387
171
607
806
287
236
317
177
184
178
857
182
185
543
192
185
253
197
728
1014
252
193
175
175
490
307
359
803
458
310
335
235
1113
256
1231
440
362
326
675
419
358
348
182
407
239
552
447
330
183
1202
654
389
290
404
177
269
229
561
217
352
257
290
307
196
266
192
332
685
759
459
322
331
201
613
293
743
174
194
381
502
343
374
566
239
380
242
389
192
353
237
255
175
214
232
460
677
613
544
394
689
268
971
718
282
180
315
649
442
369
216
211
754
1240
242
295
200
942
683
277
769
748
363
344
399
237
368
729
204
289
273
381
1049
171
340
173
300
171
250
171
303
202
171
230
194
384
297
452
278
294
748
571
257
178
461
178
171
240
416
253
353
184
177
264
213
383
249
468
245
349
343
256
816
181
347
273
313
243
565
255
590
274
184
643
289
292
171
175
171
203
1459
335
210
1889
389
502
255
1042
368
607
730
452
210
407
777
1392
286
384
3664
172
405
489
192
328
228
174
192
1408
1613
630
337
293
208
372
268
391
304
314
308
236
208
1226
389
419
681
341
193
380
678
259
337
171
349
295
234
283
182
173
1304
287
204
481
346
246
326
1042
331
404
841
344
206
306
790
299
202
1085
552
172
679
670
367
1941
411
313
838
339
298
171
274
222
171
205
171
223
378
370
171
314
284
912
181
207
300
969
243
357
379
2081
215
233
171
291
279
1040
899
301
777
291
403
242
220
393
416
351
192
811
909
188
336
351
342
195
180
226
280
522
442
416
344
239
405
383
240
243
279
194
244
551
196
618
421
479
240
210
1053
585
192
374
172
1149
492
632
296
193
298
770
488
840
4089
395
181
968
851
763
1245
499
373
216
760
171
248
351
527
722
190
433
322
443
317
205
305
269
301
1314
862
453
467
486
176
1067
239
342
194
531
185
893
4609
247
398
562
183
207
882
982
247
304
354
319
293
251
718
390
652
477
264
171
766
176
171
234
368
400
503
185
290
225
474
188
448
333
251
171
277
458
466
268
209
294
297
240
497
836
422
717
1724
400
786
644
176
520
256
205
309
480
487
214
176
171
204
253
588
1487
1186
182
269
311
343
385
882
412
310
448
1398
2190
272
380
227
596
416
615
1676
198
2081
341
179
402
823
188
185
281
327
185
303
171
340
337
171
187
171
399
261
240
275
183
217
256
192
239
216
172
278
1704
215
231
171
183
218
297
266
378
587
181
248
315
235
404
712
171
332
171
237
252
933
248
386
486
368
294
215
171
565
199
266
238
217
179
462
179
223
418
247
384
288
1157
556
391
208
199
675
727
709
1630
476
577
454
948
603
332
251
173
418
211
243
205
697
794
361
283
1268
298
246
304
298
572
546
175
171
361
286
193
371
302
200
370
245
190
179
180
180
217
269
357
223
221
404
309
229
444
288
307
475
221
291
304
447
481
801
317
217
211
632
238
406
194
262
372
183
371
174
262
361
283
385
395
197
310
403
206
1219
371
389
207
333
406
965
252
504
202
335
248
281
1105
317
278
339
172
175
303
288
236
212
326
314
394
585
452
542
172
315
326
190
263
336
193
176
176
247
548
171
376
259
399
1099
389
212
289
1531
1325
250
207
207
196
199
258
308
218
229
265
335
206
276
452
210
502
330
196
459
391
214
175
285
187
184
415
649
249
398
192
262
256
252
247
212
237
177
285
639
294
214
579
171
290
286
319
180
293
224
270
214
193
287
174
270
279
172
489
719
741
844
387
219
220
175
226
317
209
349
661
356
233
335
694
171
184
237
374
315
182
188
914
509
653
184
205
553
233
198
203
377
188
228
1651
255
428
194
1543
184
458
339
171
420
372
171
195
580
709
309
970
333
388
192
171
172
275
195
199
189
762
348
505
225
171
317
553
659
374
830
243
327
171
181
195
203
201
230
184
233
191
273
182
297
564
332
183
399
191
173
344
685
408
191
369
175
213
869
843
391
442
351
222
274
442
615
686
192
208
275
337
172
203
199
253
219
252
191
171
274
174
188
191
185
337
311
341
640
209
236
211
1510
343
492
934
248
171
765
181
299
554
188
171
386
171
584
976
361
174
288
176
635
340
231
193
183
233
468
279
678
177
185
192
463
171
180
429
265
329
285
194
423
178
175
238
416
177
235
175
227
188
294
390
237
268
1607
397
197
245
218
174
202
240
211
171
171
323
171
374
234
200
505
171
229
319
312
212
245
267
212
191
279
286
199
197
302
171
192
174
271
238
189
295
179
489
382
346
485
376
265
293
705
197
184
223
206
243
233
247
324
418
359
255
383
251
229
748
179
188
259
275
183
203
172
221
232
581
197
329
181
186
235
732
415
583
304
218
186
200
178
178
549
250
184
187
220
193
171
171
635
295
250
207
342
230
181
239
179
285
332
214
274
551
469
203
295
233
361
171
569
171
372
423
171
378
381
276
202
221
352
171
303
246
254
375
804
345
742
1000
640
242
438
403
182
556
338
923
624
748
213
552
918
635
260
319
279
222
303
294
423
198
700
570
276
322
1024
351
171
351
355
182
172
172
197
364
475
697
254
243
317
255
178
228
194
211
171
404
364
208
203
216
192
527
311
546
345
589
171
184
190
237
223
271
193
196
225
181
453
204
262
263
207
778
439
171
176
657
451
333
379
254
172
382
186
177
200
458
330
415
409
192
190
205
270
1071
171
467
328
253
688
280
171
305
349
171
171
565
262
275
230
500
353
206
171
249
184
214
427
366
171
179
236
304
290
388
238
202
172
400
192
211
176
266
198
188
369
180
288
183
539
413
178
352
606
335
218
1138
175
171
306
332
324
331
180
762
381
355
185
208
418
209
182
284
199
287
176
213
172
171
248
172
191
222
217
247
550
328
176
312
249
198
286
251
383
765
510
221
578
443
321
341
190
553
445
479
936
277
256
340
560
563
295
184
174
544
330
461
299
784
397
683
566
250
209
229
272
226
266
436
182
218
192
244
396
1379
197
171
215
381
919
503
320
269
414
415
311
404
244
430
544
408
736
801
195
327
475
207
238
1115
717
282
239
220
172
1250
561
363
265
276
690
529
680
178
212
290
184
189
310
392
302
203
192
171
250
275
294
350
230
193
199
184
386
212
210
356
336
257
332
500
336
181
346
290
479
268
187
193
687
690
246
457
259
377
314
700
456
190
479
365
608
411
197
218
291
778
462
1315
326
1953
295
253
471
381
399
541
403
226
494
357
178
206
256
181
173
352
262
246
299
346
282
180
234
237
181
171
409
772
1110
918
378
277
1425
521
375
234
1308
615
298
479
248
934
589
432
310
192
189
283
473
394
578
220
394
897
471
291
248
171
457
227
465
335
212
254
384
227
254
202
623
1705
694
453
1062
526
245
176
310
327
176
558
397
323
764
213
171
205
249
260
198
171
263
197
194
186
570
633
363
1087
219
171
742
255
539
1043
682
252
232
590
637
196
180
198
171
473
302
193
401
427
684
437
567
1330
232
265
506
850
1976
175
180
196
177
871
921
171
871
644
1226
1575
1609
298
242
181
351
176
171
448
204
200
236
185
310
260
180
405
185
313
172
230
173
358
190
266
242
234
251
189
180
359
323
384
288
255
267
214
202
275
340
171
396
200
229
171
171
274
248
203
376
186
179
251
198
261
250
390
171
239
298
179
228
187
186
345
245
353
322
284
397
171
171
187
203
206
171
184
603
233
194
467
171
294
279
602
205
854
202
278
176
236
382
654
554
709
488
573
207
470
273
318
228
407
190
263
188
177
498
322
183
438
271
317
724
570
173
175
182
769
281
714
245
196
296
190
183
225
385
509
181
172
186
342
305
195
202
171
345
2419
212
519
172
188
333
843
171
227
185
1154
450
425
233
266
1964
187
187
268
719
192
1905
2253
1208
203
506
376
371
314
293
797
416
429
653
578
231
259
249
536
242
271
234
215
280
187
190
270
338
255
263
180
230
198
188
301
295
1356
384
386
287
278
307
2412
768
570
232
916
171
234
626
796
365
355
171
336
300
180
188
171
493
623
389
247
171
320
259
673
444
184
611
501
226
239
240
182
208
171
246
523
487
265
283
1018
612
220
309
1002
489
207
238
238
256
296
181
308
180
174
226
398
242
282
497
389
431
244
253
283
223
395
539
456
320
305
171
348
260
334
297
347
448
174
975
171
410
171
182
171
378
480
501
244
171
179
296
337
335
179
312
461
732
218
177
188
171
216
816
478
505
357
922
620
874
440
2360
195
322
417
605
541
220
223
215
276
347
268
171
524
365
263
295
189
619
171
340
580
193
299
295
177
180
212
284
225
273
187
188
730
427
227
609
217
183
554
377
294
201
591
420
287
486
218
195
171
186
180
340
349
443
714
530
235
585
171
768
236
280
851
280
171
212
336
225
224
353
335
491
189
683
636
884
381
214
1301
2249
469
217
494
483
328
181
637
1012
477
313
246
731
291
282
1336
614
425
340
268
280
183
348
254
212
217
275
208
190
640
473
313
171
197
173
566
328
448
407
242
353
264
350
188
185
935
796
266
210
395
171
171
710
416
250
363
585
609
251
1489
221
187
216
251
227
543
184
322
213
171
223
259
243
308
366
363
362
198
252
219
235
284
278
296
481
186
340
390
200
233
225
179
238
254
234
340
459
344
213
361
247
177
173
174
200
348
305
317
880
189
240
232
458
475
226
188
171
185
255
354
382
175
391
187
171
171
190
209
174
205
229
184
336
553
231
236
599
507
257
319
230
353
316
171
235
171
552
254
240
421
208
178
225
769
377
232
548
371
367
359
291
244
675
663
362
574
203
201
420
1154
919
187
221
338
190
190
442
255
255
423
357
172
200
210
465
190
171
320
175
408
224
365
533
204
1017
202
743
342
276
197
186
283
176
310
184
232
283
287
339
229
815
220
324
806
180
480
262
1034
215
223
288
227
636
332
471
325
201
252
306
260
197
282
250
256
266
243
374
539
352
171
248
202
368
296
411
284
425
481
253
264
308
265
201
178
208
355
175
302
224
258
205
223
292
237
202
428
171
377
307
310
176
220
289
258
226
725
270
207
428
275
177
208
174
327
655
563
357
235
293
494
190
199
171
398
448
471
172
186
197
548
181
176
178
265
215
179
412
202
207
277
190
335
213
280
341
352
233
1013
173
661
444
178
181
171
652
517
181
362
220
788
799
482
192
188
302
260
261
301
427
275
319
182
247
228
271
184
213
230
394
183
186
345
750
188
212
397
171
263
331
246
315
745
205
312
432
172
211
318
172
177
294
198
222
179
419
232
224
416
299
424
241
250
316
272
390
369
541
283
280
391
286
389
351
426
520
799
290
231
472
536
587
180
200
2241
197
276
413
212
203
264
583
352
298
404
242
276
171
196
251
282
255
307
339
381
423
284
318
725
782
295
220
678
354
173
321
193
233
171
232
315
185
304
510
261
171
211
783
243
188
205
171
282
413
466
286
275
275
288
496
281
447
240
206
174
176
171
186
281
375
440
252
253
306
336
714
191
567
271
1188
1226
906
703
602
263
767
185
293
249
900
290
296
293
559
256
171
178
1384
320
800
833
197
194
407
345
207
171
259
185
464
211
215
209
412
302
1436
294
332
376
171
225
346
277
249
681
382
1348
1159
171
255
905
559
446
313
171
171
171
171
420
210
194
289
181
221
295
598
188
196
194
191
186
207
192
182
240
188
218
320
306
723
616
488
171
171
279
268
233
262
221
179
502
194
187
209
429
527
346
531
344
349
335
256
273
179
880
178
359
187
525
325
495
299
299
614
242
177
269
218
528
595
516
493
331
336
886
527
343
681
268
521
172
638
416
1173
227
273
258
366
764
193
174
220
256
301
407
309
531
1656
171
378
709
357
230
1633
201
245
183
352
171
229
408
333
201
321
302
183
198
189
222
171
1290
241
201
477
305
219
585
407
337
715
395
435
558
171
195
259
301
1761
310
173
285
394
3327
745
360
881
292
286
660
416
357
383
258
191
235
279
767
552
1015
1807
205
1193
200
264
299
337
193
233
177
274
171
508
213
259
223
238
230
182
355
436
752
254
255
248
303
189
421
259
244
182
481
236
171
288
372
530
176
213
404
306
222
194
239
607
409
316
171
377
324
312
277
220
202
300
402
182
238
314
196
850
773
638
197
309
211
213
206
183
270
188
360
291
294
582
231
345
202
184
321
451
296
283
361
219
369
171
901
314
192
297
436
190
372
203
415
380
233
241
181
232
278
1237
1333
542
1054
309
286
179
425
388
1186
425
202
209
768
678
187
195
393
321
568
577
1443
384
1123
330
1128
1111
249
285
773
460
388
1454
279
632
613
224
1516
184
325
305
193
206
171
180
450
197
171
190
317
409
272
171
285
175
274
233
298
599
177
498
178
177
204
173
295
185
239
695
244
185
365
171
511
409
520
213
216
328
231
290
239
388
200
620
179
220
183
528
202
171
222
171
175
183
232
392
223
491
235
242
564
306
793
300
218
171
220
212
214
327
346
222
291
226
184
856
177
715
202
212
187
750
193
433
403
205
312
194
386
503
217
202
222
438
254
466
490
568
197
271
188
178
201
189
217
211
261
338
206
580
313
868
526
171
281
182
268
553
396
751
242
268
690
537
325
380
331
212
241
190
174
185
215
544
172
208
178
267
186
968
401
443
400
197
192
231
178
358
193
359
864
390
171
351
558
203
205
436
272
230
265
514
310
195
196
171
174
430
184
215
276
301
432
278
201
203
235
555
244
311
191
415
302
379
421
351
423
283
506
179
233
171
450
807
508
386
171
215
2060
1098
227
191
190
192
195
236
469
735
199
218
257
338
629
471
207
249
292
182
203
181
402
467
424
171
177
201
212
257
905
215
459
251
263
361
180
384
265
311
265
555
410
192
310
171
270
210
245
372
229
231
246
451
941
1112
819
220
324
172
380
188
171
258
312
993
226
227
216
221
293
248
258
171
276
184
744
199
224
255
278
280
249
424
234
214
1459
221
208
266
732
171
183
197
312
396
392
226
182
286
269
263
269
187
172
295
240
209
175
228
244
247
392
447
795
240
260
172
454
358
336
182
204
236
184
300
200
265
273
317
171
221
203
495
373
193
214
486
558
381
191
175
239
305
348
326
188
371
197
387
220
343
492
176
198
298
838
807
204
831
522
287
259
362
300
223
323
194
404
191
246
367
217
245
308
363
259
181
238
265
1212
377
847
190
562
576
307
541
230
439
426
465
308
499
194
240
171
1176
214
331
376
270
467
1082
346
361
215
210
187
1072
304
173
363
373
340
362
412
196
377
238
179
254
257
534
300
1261
211
740
473
493
181
372
331
329
198
225
630
360
505
483
172
175
173
213
215
293
267
185
232
207
182
457
279
363
271
175
177
205
206
350
224
172
195
173
574
234
635
214
309
229
172
436
256
356
280
285
453
192
246
218
505
271
171
514
458
206
1107
718
328
215
171
184
304
1410
181
225
191
199
393
683
193
305
172
210
338
298
238
201
273
194
238
176
252
179
173
185
197
283
268
180
700
585
177
182
295
182
187
231
229
192
224
241
171
178
188
217
183
192
196
342
537
221
191
369
305
171
239
216
226
211
270
319
184
317
250
404
239
291
501
316
455
187
415
320
227
204
239
502
263
350
334
303
220
515
500
310
399
248
251
226
182
361
409
315
213
290
229
384
196
341
213
558
603
605
245
211
239
176
228
171
171
175
275
171
503
185
277
171
209
333
589
177
244
342
315
607
588
211
185
208
491
298
477
490
348
270
198
325
378
460
522
232
298
308
412
329
448
191
611
492
171
3063
181
275
284
254
224
201
390
418
684
193
226
521
1343
826
188
403
242
964
506
310
476
215
250
283
453
192
393
590
171
1146
719
292
216
245
451
171
364
347
372
525
186
186
296
376
325
276
171
174
296
189
390
178
349
171
188
854
243
195
267
251
182
192
451
515
464
403
191
511
222
193
527
190
258
853
493
213
701
272
182
512
312
276
296
455
174
284
190
208
216
178
184
384
431
509
530
214
294
411
293
303
213
248
236
543
200
603
522
413
986
728
1039
500
208
173
232
205
711
226
235
834
180
327
271
368
186
367
447
465
277
187
496
248
242
250
171
323
688
171
171
345
275
226
302
171
185
345
250
192
452
1214
235
244
189
382
238
1521
484
527
532
447
338
1031
307
211
190
574
220
320
176
247
2760
292
435
436
676
586
565
385
321
462
478
234
480
354
302
208
202
456
175
285
989
591
274
630
1147
226
223
296
198
286
194
344
335
195
358
240
612
519
288
298
427
183
179
489
1391
2019
177
486
367
1212
728
532
534
263
240
216
461
854
319
177
178
189
283
252
916
304
228
184
199
272
177
182
174
199
180
333
354
540
234
192
296
336
172
246
204
295
240
305
779
458
277
356
563
1010
351
352
366
269
173
185
219
231
210
186
306
601
260
235
258
448
403
343
216
712
250
267
471
362
298
360
525
701
651
264
292
196
226
634
318
278
175
375
518
338
597
432
1176
596
301
266
188
181
398
870
330
277
260
287
733
511
324
744
308
222
271
316
292
207
196
293
287
185
236
382
623
1064
266
177
422
608
177
496
374
346
255
317
337
218
268
207
174
223
211
273
171
277
463
813
200
188
355
432
464
1045
304
459
186
171
207
210
321
302
554
221
1084
274
249
442
231
292
219
717
291
176
185
315
186
234
356
240
173
175
226
173
190
178
681
171
364
290
261
187
272
565
215
243
269
218
297
207
190
357
223
270
175
245
302
357
316
211
185
304
1031
1305
199
1949
855
455
200
280
437
179
171
178
427
276
202
454
602
219
188
2031
171
378
196
171
188
186
297
436
203
268
681
353
186
184
365
268
209
239
252
184
183
338
171
347
277
178
223
241
466
644
259
220
260
199
191
171
671
1230
246
479
1376
464
640
172
173
177
304
781
285
179
2039
222
181
489
401
212
208
297
340
195
194
357
229
198
339
299
220
294
453
448
300
171
290
197
247
1722
317
269
630
191
350
370
222
272
522
862
599
171
272
436
271
241
172
183
171
658
180
275
225
193
529
306
223
401
311
173
234
319
279
194
210
183
182
313
351
292
171
345
174
304
315
377
315
337
174
202
395
406
371
290
754
244
174
907
205
285
220
270
353
300
171
232
218
210
171
171
213
208
175
307
190
207
1613
229
218
261
276
186
251
413
421
201
307
322
187
1227
227
223
186
264
274
199
327
510
517
727
176
363
172
171
181
604
421
324
218
225
211
750
181
171
202
356
590
171
173
639
267
252
173
328
528
180
291
1033
617
426
318
294
171
211
337
172
476
171
210
273
232
587
311
265
239
350
1405
376
175
451
437
209
226
311
773
232
212
488
249
171
171
792
272
317
274
246
224
171
230
585
476
355
198
183
193
256
715
179
660
209
2185
640
269
280
274
872
570
399
232
360
350
217
183
530
196
171
277
171
225
1402
994
474
286
756
339
1139
361
171
171
1402
285
277
261
410
529
312
1134
465
614
382
215
187
242
178
206
193
184
282
188
198
361
265
179
217
1386
392
200
332
343
188
250
180
210
215
178
208
174
374
209
188
329
514
232
184
455
648
872
1056
502
360
190
226
225
232
291
318
596
724
453
230
391
543
1102
790
171
345
171
172
253
316
178
204
673
270
288
198
282
302
291
285
457
206
171
255
174
255
434
353
275
283
472
481
628
198
200
2165
964
1162
2777
388
2929
4216
4097
1148
559
216
439
171
306
235
612
171
334
415
532
663
302
470
339
246
317
218
216
3395
1447
1817
7017
293
372
677
375
245
202
293
558
171
357
460
252
267
280
193
222
223
182
179
246
260
240
312
788
172
407
316
171
398
294
220
442
210
171
410
370
185
186
241
299
177
266
288
208
257
176
374
171
206
217
194
306
425
220
642
201
333
646
1641
197
245
205
587
542
449
462
1639
310
399
269
206
200
375
176
207
448
377
246
259
394
336
266
231
268
381
367
202
204
184
799
171
859
305
265
882
2389
209
262
587
178
265
270
400
203
176
326
1116
420
291
182
564
273
264
216
186
227
317
314
173
713
369
251
308
236
413
230
592
520
385
251
305
176
176
284
191
599
875
880
1895
239
981
312
207
360
304
176
323
395
1070
1531
388
194
712
191
201
1057
2141
639
249
357
410
247
177
251
322
1182
358
226
423
325
224
304
195
296
898
656
1143
539
174
386
277
263
458
237
2767
3381
404
322
210
180
373
193
356
365
415
254
182
294
315
171
321
178
461
186
418
271
562
545
193
241
181
171
228
280
288
255
182
173
183
171
346
413
260
349
285
256
239
220
700
192
204
286
396
351
842
297
251
185
183
528
279
312
223
199
232
283
205
201
293
229
763
346
245
188
309
312
403
553
884
206
171
219
424
736
376
224
276
328
179
208
253
204
377
171
442
221
176
219
174
191
189
174
353
235
210
280
1353
436
642
894
236
273
887
504
492
476
763
172
240
233
171
189
172
294
218
327
178
304
356
874
283
171
372
381
277
197
197
312
197
242
251
553
296
326
301
1198
451
189
290
174
271
323
183
235
305
174
414
211
516
171
232
171
373
212
371
556
184
248
171
186
203
441
184
614
301
484
500
208
246
213
236
311
232
410
425
266
216
312
345
245
466
413
280
202
287
242
346
400
206
286
358
211
199
171
181
738
365
671
225
192
203
280
379
186
326
299
212
171
240
309
238
213
750
785
592
684
779
182
172
325
3541
1107
1703
189
242
2568
306
1177
456
171
184
731
265
371
747
977
268
225
199
181
489
252
632
249
837
572
652
2583
1644
1377
519
410
182
186
601
572
670
173
1027
473
307
459
1246
758
1550
281
301
438
287
294
1366
211
230
291
877
508
514
981
1768
442
1617
654
478
4049
247
430
229
246
517
196
535
277
691
809
215
565
172
182
175
285
503
225
248
247
438
1189
700
469
333
871
475
509
591
362
400
290
231
185
274
204
357
197
185
293
278
223
177
176
522
381
299
478
359
174
190
218
420
175
175
188
589
401
251
445
288
530
432
177
175
251
226
267
174
217
300
210
619
1251
213
243
521
171
582
335
181
520
280
474
276
471
499
242
425
191
234
218
424
370
178
296
328
333
345
171
258
373
480
805
386
200
448
311
206
683
254
269
177
344
330
359
335
175
174
230
202
176
201
772
214
244
210
219
506
614
218
225
171
438
289
206
173
259
183
179
271
246
546
256
240
183
184
269
207
218
290
215
237
336
270
237
316
213
367
296
195
199
175
371
272
234
310
208
375
350
543
278
271
229
194
708
334
240
196
317
371
306
349
1374
171
209
226
173
412
204
304
223
212
192
477
287
203
384
342
185
261
267
297
338
321
449
204
450
228
266
524
430
264
451
540
555
451
292
281
171
173
171
243
184
176
249
177
184
204
191
197
389
171
322
186
182
280
179
227
238
245
310
211
193
185
693
328
267
793
340
367
369
641
215
272
485
281
206
277
556
792
211
210
178
386
196
369
195
266
171
189
521
256
445
425
304
342
253
289
206
215
963
327
223
377
193
664
284
346
308
395
556
1196
1102
297
241
246
347
702
861
346
468
372
172
302
670
457
258
700
198
800
811
938
171
210
1027
171
349
256
308
272
193
195
436
323
244
1377
820
458
204
238
743
383
227
297
171
206
613
221
254
322
185
738
286
778
407
537
3824
316
606
322
338
648
199
540
195
205
207
207
264
609
235
327
312
171
209
363
171
181
617
275
328
187
183
224
285
391
358
206
239
660
237
412
443
371
242
224
303
230
412
247
373
454
203
239
308
398
276
385
193
231
239
309
182
230
284
309
222
353
543
205
670
304
180
171
497
808
284
213
619
174
171
326
284
273
171
201
552
665
197
849
254
202
2840
171
1145
658
1155
194
200
289
297
194
260
220
204
242
334
176
221
171
317
410
265
219
409
422
292
266
219
196
201
196
188
176
712
249
381
248
226
506
524
276
632
867
984
468
506
216
388
172
640
633
210
444
217
275
264
249
385
212
248
240
195
316
221
367
328
258
354
246
171
262
171
197
190
731
431
297
301
193
174
177
379
1503
571
213
316
984
552
487
265
483
259
288
362
171
412
303
177
1120
654
1242
1296
786
923
222
274
343
272
1603
287
284
349
948
538
203
185
230
254
212
205
198
587
800
262
1202
348
1973
246
272
296
506
266
492
253
301
188
229
175
171
176
279
502
217
300
620
184
1556
248
259
171
337
1705
229
257
196
270
197
213
318
284
347
171
227
536
576
211
171
171
419
355
291
182
746
249
400
211
283
286
176
416
298
560
179
233
430
190
301
200
464
1072
177
459
214
481
987
367
361
429
216
279
362
383
224
188
566
417
202
217
171
314
289
205
390
269
195
214
214
253
199
321
274
799
175
188
186
222
336
323
249
188
265
174
323
290
196
226
200
189
213
239
311
201
286
171
210
188
189
314
323
230
221
176
315
1889
294
178
188
176
282
194
187
218
251
198
377
192
317
909
309
421
179
189
206
197
478
699
188
360
232
193
191
193
257
320
325
492
238
240
186
197
171
180
189
542
217
327
393
190
522
191
332
271
411
288
259
657
285
288
766
181
469
595
191
641
253
309
360
453
281
171
190
199
171
388
328
984
197
172
498
247
269
612
244
862
540
171
216
297
483
1146
281
287
203
340
359
182
211
2435
177
223
721
897
714
572
210
1586
175
278
1699
338
171
331
224
417
364
471
450
341
467
479
808
527
232
171
171
370
346
1224
186
235
215
246
171
541
560
649
293
580
1694
481
211
668
176
463
171
299
232
186
197
304
208
190
406
234
176
236
221
469
205
171
381
171
379
336
1030
171
224
198
177
195
209
171
176
275
280
207
271
259
177
184
210
171
329
171
185
263
214
251
289
264
226
208
544
238
173
186
341
202
230
185
231
336
274
249
419
233
286
191
190
202
180
391
309
317
263
989
379
387
207
171
190
330
260
171
427
307
705
435
610
190
312
260
776
578
201
216
187
184
171
195
485
260
268
244
450
664
679
224
751
433
294
227
196
215
241
184
319
193
355
312
190
276
635
672
265
173
211
186
172
172
553
252
266
248
206
307
290
291
216
171
195
176
715
236
235
920
212
212
171
393
174
568
508
185
174
197
189
401
357
307
320
194
1772
783
219
195
473
189
207
195
176
177
219
189
347
462
390
198
564
190
235
193
511
171
227
319
186
175
231
171
272
233
321
205
644
622
275
352
277
390
181
397
398
171
198
347
243
255
1014
403
277
188
225
238
325
259
556
182
297
222
388
351
247
217
197
261
416
248
587
320
205
472
336
181
273
188
177
174
246
251
235
178
659
971
229
362
346
544
418
232
313
1221
171
175
193
176
192
178
193
252
197
237
182
280
205
265
340
179
172
282
192
171
240
232
208
171
200
184
398
204
231
544
171
207
279
233
280
312
196
196
450
174
345
177
287
209
261
404
285
698
357
1056
332
1107
312
497
675
1053
589
185
466
508
195
211
486
346
264
707
378
195
234
282
174
181
217
474
185
269
483
301
171
201
251
344
286
397
467
191
270
184
504
550
220
317
503
723
260
250
171
226
228
179
544
1172
1062
254
171
237
641
691
471
1018
262
189
171
222
410
171
178
171
510
344
179
205
222
173
301
210
192
247
329
310
556
174
427
287
334
323
171
208
188
266
544
458
247
322
305
198
473
350
233
224
214
171
351
552
333
204
227
256
461
306
482
355
297
329
280
477
310
267
213
387
327
645
387
208
401
191
316
342
184
393
221
349
185
268
175
195
175
174
185
219
637
189
501
1116
429
1181
799
310
173
186
219
190
284
484
966
186
196
177
247
659
262
210
336
188
197
290
191
171
293
755
194
172
173
333
329
296
188
182
285
292
213
549
819
521
261
303
265
176
177
359
303
525
382
371
369
233
212
195
231
207
358
232
239
202
225
272
306
1009
336
187
415
305
308
173
619
867
206
171
1018
833
210
277
171
607
314
187
424
240
235
192
251
528
171
261
530
201
520
216
188
188
359
507
290
268
178
298
189
172
171
301
334
894
748
228
604
940
179
359
277
230
318
193
526
594
408
451
198
1354
191
290
272
474
219
214
202
475
342
382
399
171
267
1229
824
300
239
271
193
206
908
209
184
452
193
279
290
440
301
223
187
191
204
238
221
233
196
225
257
280
215
213
338
341
201
418
327
512
292
276
281
451
266
363
271
345
171
214
502
321
311
328
365
1094
203
209
224
1069
184
325
209
201
190
190
201
262
335
173
271
517
828
171
384
526
262
192
181
288
413
226
325
256
181
752
1572
298
360
245
238
319
209
257
489
385
183
380
176
397
1757
671
208
195
350
171
581
222
651
189
1153
376
354
284
443
494
183
186
219
187
280
391
286
343
626
228
722
184
406
801
417
240
338
334
321
243
724
216
171
361
585
789
257
259
300
434
764
373
202
308
310
315
192
273
275
174
197
249
225
282
376
221
387
206
482
322
259
245
586
312
466
193
176
196
226
191
409
584
200
286
229
293
203
175
334
250
180
476
488
175
184
175
205
415
206
427
286
506
174
224
272
305
230
191
189
172
176
171
262
359
707
310
363
573
171
247
1422
1531
424
406
234
507
324
344
340
564
405
437
231
236
188
262
331
398
228
355
257
250
218
256
171
243
304
258
390
411
234
504
277
515
380
520
581
4179
1899
654
481
264
422
231
171
273
198
354
293
172
199
212
339
322
272
332
321
370
519
217
291
174
316
327
1546
908
297
177
401
182
413
348
177
265
523
171
194
993
416
205
233
219
312
638
434
212
250
209
484
330
171
277
184
291
171
171
218
230
343
187
227
508
339
293
390
174
171
278
429
489
766
213
325
446
272
572
181
458
175
746
171
307
174
173
228
171
641
193
863
755
493
188
887
534
248
293
443
181
402
227
188
220
204
321
299
280
1202
325
596
382
174
262
179
240
292
322
216
475
186
192
337
620
457
276
196
195
181
206
226
315
440
175
202
191
299
598
302
210
302
179
705
364
719
402
246
284
217
196
230
391
732
699
380
249
204
1182
1172
171
418
294
334
1623
238
323
905
924
414
204
208
202
183
171
344
2145
2292
307
276
274
248
171
291
588
246
184
426
311
400
173
183
174
275
171
171
1822
308
177
453
209
702
229
271
324
210
327
542
456
744
171
503
181
220
348
400
371
281
700
448
313
314
199
202
177
603
821
175
192
171
227
605
253
174
171
186
190
319
254
258
248
245
183
175
300
513
283
294
700
177
184
249
489
316
312
307
474
238
171
214
235
368
318
211
171
300
351
285
185
226
290
294
690
250
178
402
210
564
418
247
700
361
172
172
257
302
276
232
473
336
231
242
279
326
297
757
361
177
182
171
244
325
198
293
597
398
234
464
432
203
308
367
195
235
321
263
184
200
242
461
279
190
181
578
258
325
269
199
178
191
325
271
276
266
194
458
214
297
326
312
216
372
406
354
374
291
369
782
436
227
171
404
311
186
192
598
268
193
273
226
998
234
378
1793
444
277
193
171
356
1149
325
866
326
200
315
202
292
304
232
173
879
269
173
316
1024
914
481
227
509
698
1066
554
561
758
306
459
251
3442
324
196
276
289
309
302
705
171
309
259
201
204
205
203
284
310
218
239
238
718
721
1080
516
945
1024
172
257
666
201
554
661
465
780
172
394
386
669
540
421
677
171
171
172
462
300
269
201
224
543
410
180
495
174
583
221
397
523
223
276
302
235
174
992
333
180
194
344
2981
190
239
248
390
335
179
365
266
300
324
212
176
791
466
407
285
171
387
183
298
234
264
230
251
357
236
363
314
189
414
438
559
859
496
292
747
465
1305
657
244
241
235
171
172
178
268
408
171
1071
268
171
176
176
186
192
210
1049
2808
345
413
268
258
190
468
180
619
387
272
209
178
283
317
199
214
171
285
183
256
300
705
176
254
237
213
183
1003
268
198
771
344
191
192
232
726
378
203
193
231
224
280
178
171
340
222
171
353
172
210
208
187
213
328
657
261
187
181
201
258
565
278
194
703
538
200
322
179
221
171
389
223
308
206
186
224
248
207
188
173
436
794
441
585
306
1487
198
204
281
261
171
172
396
190
201
173
352
485
857
179
305
200
187
244
423
171
182
188
187
384
171
300
191
418
254
449
190
215
221
193
180
239
243
276
171
315
324
317
239
231
183
471
180
240
179
171
273
195
272
189
190
333
203
257
429
207
171
339
260
184
399
171
402
360
287
268
496
180
339
835
296
815
306
371
196
236
276
341
228
177
706
179
341
238
177
179
246
172
301
203
237
249
293
180
276
263
199
374
212
308
782
186
187
191
367
311
198
779
282
297
841
204
281
417
272
171
350
227
223
171
1374
518
243
196
283
457
755
196
503
203
626
238
223
201
195
287
326
433
256
371
266
557
202
324
368
271
171
245
222
330
182
250
337
225
195
289
193
433
191
317
175
186
270
240
171
455
212
171
176
171
299
227
179
229
171
311
246
538
200
174
179
290
305
200
471
175
468
292
361
361
187
203
236
210
176
186
343
318
246
265
192
182
319
267
197
379
172
193
205
279
179
262
1516
260
215
301
1427
209
236
172
227
238
248
186
349
190
331
286
190
175
550
223
221
242
309
225
175
201
179
305
344
171
232
704
171
171
544
1721
174
171
210
224
174
227
221
454
176
229
346
217
306
215
259
840
305
199
2281
202
440
844
252
186
256
237
904
1314
264
233
532
679
878
247
309
310
213
235
272
234
224
551
194
173
285
528
219
383
201
703
255
375
172
255
270
517
285
198
476
1793
227
336
197
193
225
191
237
496
240
180
344
317
189
194
276
274
405
390
246
326
304
237
251
171
243
256
224
220
175
179
297
328
182
178
201
285
481
190
230
280
287
213
217
252
171
293
171
181
309
215
443
1048
243
223
200
271
179
469
533
346
402
325
309
485
221
533
1161
244
463
171
277
585
171
190
428
849
230
175
183
423
187
190
312
206
476
466
517
407
345
609
189
356
478
440
186
379
177
517
198
366
262
264
378
431
413
434
643
371
176
287
470
296
229
270
213
237
211
227
229
437
472
197
228
220
237
601
407
501
283
231
575
2766
311
726
200
280
397
175
171
351
185
296
236
406
171
271
307
427
581
225
635
289
389
233
391
184
193
309
274
360
241
314
267
204
288
173
254
176
252
1342
411
238
437
261
279
260
196
310
288
568
195
468
994
315
172
553
690
396
240
231
392
221
208
309
252
284
212
201
538
212
301
212
201
175
260
409
423
195
583
198
506
270
265
303
614
543
171
288
215
450
2532
305
351
312
370
228
597
1112
232
963
302
538
348
604
196
171
171
813
954
226
1783
500
575
171
183
328
1296
904
676
344
186
668
290
197
377
643
647
1310
222
295
473
257
707
518
235
256
229
265
174
222
206
258
934
372
281
181
212
191
260
184
179
197
171
222
227
177
232
415
177
401
194
361
191
361
339
296
372
315
489
817
863
862
2056
443
392
282
190
224
179
271
307
368
493
334
350
382
171
201
200
302
350
424
324
171
340
1099
475
240
289
206
174
328
302
651
274
240
273
395
408
196
224
225
174
287
265
434
207
298
603
318
217
247
282
347
296
357
279
907
225
350
628
177
413
327
199
171
176
193
383
177
319
199
310
198
368
281
177
192
184
628
537
175
191
186
174
400
196
272
225
280
208
237
201
735
615
317
549
198
632
608
201
294
171
283
201
171
374
202
174
182
197
297
369
259
427
620
342
388
188
653
281
189
214
286
834
491
365
195
205
517
232
351
316
381
179
202
441
318
190
536
559
192
223
419
229
302
245
276
185
171
215
289
455
187
428
186
223
171
208
411
223
209
751
222
268
690
496
381
690
676
1340
763
806
189
416
306
234
196
340
185
1902
381
171
191
274
1352
183
1301
379
351
285
277
1075
185
913
312
171
254
491
629
300
1543
292
1076
206
176
293
196
566
171
171
171
387
375
200
379
468
620
395
225
190
461
504
214
289
207
177
216
352
284
444
681
833
717
1882
434
270
1057
171
254
265
172
529
346
241
945
759
377
674
804
2044
184
195
178
209
728
205
315
354
348
287
208
280
839
329
375
366
851
362
218
1309
481
220
327
348
283
580
277
186
411
171
283
596
211
525
304
530
391
911
264
370
217
805
214
279
483
384
271
508
396
412
241
388
229
332
536
539
337
226
214
254
385
213
341
516
179
212
277
285
558
210
276
487
489
333
227
642
284
251
807
284
326
357
196
171
241
483
179
360
422
263
213
228
502
181
171
298
437
514
925
1143
456
499
300
502
397
232
302
242
206
423
932
219
199
874
481
236
445
1299
324
335
279
423
572
183
194
198
267
186
324
2212
369
203
326
1098
722
177
320
172
189
171
218
201
276
196
221
297
334
384
278
211
281
204
204
1208
182
491
177
209
242
537
343
335
241
172
263
250
825
723
171
486
228
798
714
259
419
626
202
199
189
495
455
461
228
309
347
1132
221
409
519
295
678
280
441
190
205
176
185
516
266
269
347
212
287
189
199
487
1065
622
1219
549
171
1240
437
197
779
190
349
372
460
841
360
218
714
224
183
504
184
184
346
489
171
265
179
232
1792
2160
571
198
310
205
201
171
186
180
217
354
452
247
171
192
426
191
300
566
235
360
270
503
253
596
242
291
671
300
171
465
1316
451
184
464
603
171
674
730
456
470
455
417
253
207
726
197
283
178
640
1304
1155
476
679
735
1173
193
197
307
406
290
203
1182
430
376
323
186
188
226
625
359
416
572
242
791
528
915
232
248
218
507
467
171
392
397
246
313
999
245
563
283
214
225
490
302
482
326
744
430
274
191
416
1551
544
421
256
366
321
1157
666
200
221
218
558
393
192
1963
572
768
327
190
188
174
172
186
568
567
2128
273
518
338
338
1931
834
204
239
350
171
313
695
2644
318
516
193
595
223
253
180
176
444
673
434
435
1691
1710
580
181
175
688
336
232
441
297
186
328
297
322
349
230
179
428
588
640
746
383
211
741
183
258
370
309
404
195
225
350
366
205
183
275
196
287
319
431
370
732
310
310
264
573
417
368
635
480
246
299
265
238
565
328
224
1507
444
198
552
298
2904
296
590
1015
410
171
301
613
171
229
171
621
242
397
197
315
212
192
280
298
348
171
306
180
175
186
211
301
171
177
1160
336
415
342
263
259
366
357
202
244
587
171
928
645
305
181
178
210
302
185
386
280
171
401
178
503
488
557
476
319
329
196
172
266
426
516
205
186
316
834
171
234
253
426
199
360
1481
679
204
1795
1720
511
690
576
592
789
688
286
297
865
901
598
197
564
1672
2112
210
2163
230
224
265
934
253
427
203
322
220
342
396
564
183
595
494
338
1041
352
276
203
300
183
531
182
207
208
242
670
300
220
368
187
275
405
184
336
181
227
245
405
396
182
171
342
219
481
654
234
329
302
620
248
238
276
375
220
350
332
261
210
171
615
205
182
177
199
177
509
895
313
219
346
280
216
191
323
203
201
338
297
171
208
202
194
224
235
231
804
456
490
171
429
502
299
305
217
822
1232
190
330
319
344
379
288
516
414
171
389
264
392
458
217
258
333
261
734
171
389
262
464
387
238
248
196
283
321
278
1650
1313
231
351
481
1119
187
334
792
430
173
580
199
288
183
180
173
470
318
190
399
1169
235
175
289
568
722
843
524
323
440
378
255
497
180
180
417
360
236
216
197
209
196
236
214
386
621
175
171
292
261
254
633
202
229
317
208
220
342
436
312
188
240
488
240
242
452
197
363
321
310
479
613
870
298
252
368
509
585
171
348
212
171
186
374
279
183
221
304
171
188
174
375
211
201
171
252
192
202
389
443
1252
796
237
172
224
202
397
1273
305
308
182
261
268
1320
726
466
171
262
277
362
272
197
611
257
1719
3316
783
176
320
226
177
331
588
257
372
481
187
171
686
218
234
526
171
190
2679
322
393
224
1200
389
1833
390
352
176
249
804
956
805
350
234
224
1128
720
352
934
365
358
251
481
364
368
378
285
558
312
208
1292
171
488
173
188
194
211
476
171
200
171
287
331
204
191
221
704
832
283
920
744
1423
490
482
270
696
489
278
1410
724
819
595
732
273
599
223
185
171
461
563
298
220
917
256
241
222
382
362
171
200
2236
623
449
305
209
330
244
453
726
409
4864
1239
5133
193
301
171
363
272
343
344
426
492
587
506
292
734
815
517
771
182
181
180
226
200
233
688
335
408
559
291
190
218
451
339
504
676
219
540
173
367
520
171
230
171
259
437
833
291
189
292
385
179
477
440
171
634
292
267
179
247
428
459
294
307
242
240
244
374
205
551
302
234
669
217
369
468
175
1092
367
171
1373
451
738
712
171
340
423
351
280
298
601
462
421
331
270
198
325
220
202
172
197
248
262
215
197
196
330
303
351
171
865
644
728
176
312
513
280
434
753
452
264
179
219
211
215
208
393
416
171
200
333
761
196
208
207
556
196
404
291
246
1156
1282
398
506
905
171
937
1436
846
291
252
192
171
401
761
171
539
280
254
184
303
638
345
989
219
209
425
415
262
256
520
214
224
364
430
345
404
173
216
495
522
218
765
301
242
351
555
171
200
316
287
337
389
717
191
3105
230
177
363
343
174
216
183
658
390
457
287
370
745
341
215
321
238
200
171
182
252
541
642
283
268
1170
867
824
186
182
192
400
327
1060
221
180
296
196
227
750
174
2042
186
686
197
184
171
629
249
415
258
251
260
243
187
207
178
268
225
173
188
225
176
337
438
230
422
282
265
179
293
480
508
456
191
480
890
184
188
223
196
197
447
198
224
278
175
425
1375
394
241
1223
239
266
517
230
297
991
669
374
571
438
225
171
938
188
968
311
202
286
295
862
203
172
222
715
627
214
458
201
561
410
582
502
284
226
244
713
219
241
171
348
186
215
171
263
380
171
185
516
189
171
389
262
178
171
174
661
417
935
515
266
341
412
336
551
402
952
299
265
530
608
215
536
207
327
454
176
999
738
172
381
846
171
482
196
466
379
192
473
740
585
172
184
200
201
280
497
574
457
180
332
182
171
184
359
612
289
171
195
329
198
187
366
330
283
285
528
368
232
234
180
229
307
266
629
257
239
336
216
171
171
640
342
201
587
450
427
197
171
289
535
196
269
297
263
251
469
178
192
253
240
503
405
273
313
594
577
302
200
186
238
389
281
411
171
171
554
217
268
385
242
316
304
529
171
334
195
179
191
272
185
217
352
174
237
198
199
222
199
380
358
390
239
221
171
247
1056
1086
397
358
475
418
619
221
280
204
238
378
370
201
203
459
300
201
302
286
577
371
355
254
304
1203
369
289
395
362
249
171
211
196
509
300
568
773
329
840
346
171
225
187
330
473
314
516
812
257
171
384
2024
956
407
1172
426
600
289
193
177
459
595
792
247
249
232
171
449
382
555
317
639
228
305
272
660
197
1190
415
1277
276
633
404
388
719
442
357
250
1470
336
759
911
342
941
394
601
429
499
782
473
2340
218
563
352
324
190
352
193
999
222
225
360
310
197
226
517
313
257
310
269
362
185
369
277
923
414
246
206
349
182
238
195
171
1052
213
498
333
362
176
238
298
339
749
210
248
333
584
524
187
352
190
398
950
490
377
194
249
220
1084
368
212
363
361
490
469
519
541
450
300
690
264
185
263
588
240
359
335
205
881
496
703
266
584
622
243
657
193
175
480
506
176
251
388
247
274
255
395
246
329
192
405
353
222
186
500
355
171
251
226
276
171
571
363
223
308
246
392
242
395
307
329
261
171
184
171
180
277
211
172
437
189
199
178
171
188
171
217
212
559
224
302
314
446
237
232
193
179
209
676
326
272
234
261
364
225
203
664
282
243
233
193
332
2052
223
447
728
1536
454
952
1102
369
1430
271
2647
684
561
1408
173
419
186
1146
222
290
463
173
321
171
171
324
336
177
173
211
403
220
185
253
500
490
237
436
177
367
188
217
227
669
429
271
277
602
525
219
461
499
199
229
318
287
559
226
375
189
260
206
408
417
212
255
260
295
172
296
356
395
222
353
419
189
368
254
195
387
1064
524
253
293
223
238
223
576
205
183
178
275
261
2021
463
205
487
290
314
416
180
298
227
278
171
192
260
371
494
181
609
360
240
172
229
555
409
241
399
2821
380
173
221
289
1652
252
221
303
1177
213
301
251
448
244
238
1488
193
213
412
568
1936
360
227
409
193
369
186
359
474
194
422
445
593
181
249
290
251
171
211
171
171
357
278
224
343
1195
391
171
200
307
228
277
171
298
194
213
197
192
216
491
224
456
191
187
578
558
1700
389
186
320
918
334
276
187
196
279
217
782
172
793
338
445
242
218
1008
1138
785
202
279
271
184
194
365
531
175
171
450
182
196
324
362
303
368
245
377
189
356
375
238
470
239
196
250
404
614
204
312
261
345
186
191
253
353
333
176
352
511
196
261
276
268
274
220
459
293
189
220
212
253
346
177
182
255
177
188
333
254
834
171
178
171
173
185
265
172
217
391
187
180
183
171
173
210
356
623
466
526
342
216
171
226
770
210
226
218
226
249
387
210
339
754
344
224
171
2478
250
191
406
198
171
216
185
648
562
178
219
360
509
326
216
302
310
424
354
191
218
294
332
444
267
171
361
327
259
290
261
228
196
361
519
175
240
311
271
188
228
213
235
261
226
915
480
207
203
264
171
365
191
281
422
573
394
446
269
262
197
190
322
176
379
610
326
171
328
993
423
208
316
171
2607
213
596
403
171
194
360
481
641
316
275
171
171
252
845
299
471
1024
282
421
535
352
244
171
355
513
247
348
586
641
381
259
204
226
227
209
284
218
276
281
176
235
481
302
350
260
352
202
215
171
508
700
175
283
286
230
357
240
202
351
205
177
230
487
339
869
268
245
290
319
206
661
192
286
276
208
253
191
1101
678
1019
1164
329
190
284
195
287
233
478
294
819
310
396
495
172
698
182
509
2510
1637
188
2107
466
185
171
247
389
539
437
229
217
229
1126
298
181
179
559
233
393
234
362
214
713
223
246
241
265
191
176
203
443
699
191
393
275
224
199
260
275
266
195
184
348
654
371
187
418
239
195
797
657
171
530
357
385
230
252
389
336
490
210
193
312
298
496
476
187
526
620
2581
756
207
911
435
278
226
262
173
230
174
247
332
211
225
248
171
487
674
449
356
248
180
390
471
183
199
241
209
205
499
510
180
210
277
335
216
275
225
211
299
375
222
182
260
322
219
175
334
480
208
278
220
418
340
273
171
561
433
237
306
456
205
668
347
255
407
346
318
185
293
283
250
343
711
270
307
337
278
518
390
648
452
411
260
230
384
366
268
633
171
184
222
171
383
332
397
518
178
421
294
700
508
173
369
230
184
203
195
375
184
1225
750
275
361
494
191
351
297
285
217
312
561
269
256
393
957
871
221
246
247
451
197
171
981
421
238
371
191
436
296
189
213
208
240
249
432
311
379
494
555
312
189
201
264
179
171
325
172
237
340
172
219
217
389
171
413
216
282
264
394
1981
407
545
640
359
308
180
938
451
171
195
320
319
304
212
302
336
312
3595
176
649
301
302
232
197
180
193
273
591
392
171
208
458
464
388
322
2913
651
1046
537
1294
396
229
319
284
200
231
173
174
196
203
204
184
623
456
282
178
176
222
336
185
500
232
180
171
243
188
229
295
680
209
522
349
525
836
175
221
188
186
381
182
242
212
176
410
204
291
315
195
302
211
543
187
201
470
259
348
332
171
400
187
380
338
205
289
316
225
171
356
188
421
695
257
434
605
245
215
214
914
387
1589
350
351
231
312
292
175
202
679
255
377
281
1271
656
545
620
2300
837
325
251
187
266
298
663
352
289
425
197
192
189
264
348
232
179
238
587
1048
306
186
215
171
651
282
390
368
953
212
200
171
365
216
329
179
206
585
178
171
194
207
305
197
408
187
301
303
527
193
206
327
323
683
380
178
277
174
1037
324
257
234
312
180
209
275
422
219
581
768
183
312
207
202
357
171
209
619
237
406
301
550
262
253
208
190
189
228
180
350
171
175
175
502
191
186
236
278
265
201
883
443
712
331
480
421
171
562
302
204
811
583
663
557
841
406
343
237
714
576
288
171
209
327
343
209
208
222
326
1394
187
539
364
1489
236
596
1181
372
305
171
855
171
184
1390
266
199
260
179
587
197
224
691
566
592
942
310
249
288
171
310
184
212
297
369
259
209
171
179
180
331
203
522
756
248
187
221
182
191
308
200
193
693
651
309
480
535
281
299
416
410
347
237
222
173
175
174
390
179
296
284
265
189
197
182
306
230
282
424
929
305
822
228
255
267
178
386
443
230
420
173
191
206
282
361
204
238
219
205
991
528
537
347
355
256
193
492
694
489
202
205
415
182
205
210
189
294
371
193
331
364
176
337
171
186
458
223
272
486
410
320
218
310
280
449
476
187
262
236
192
804
303
1115
727
376
1012
1130
1631
176
228
202
280
1000
1898
182
540
612
553
303
495
182
1181
3133
5085
3431
946
325
1249
2374
599
274
415
457
197
333
316
228
1112
871
420
381
218
379
245
918
370
180
192
320
182
419
246
355
304
422
434
233
2062
1109
463
663
450
1288
299
222
324
583
478
241
342
277
218
215
191
732
796
353
1666
321
432
171
380
180
253
282
187
205
174
249
311
1027
266
355
214
586
352
185
254
196
271
171
206
175
193
177
535
559
403
252
809
353
433
560
324
318
193
295
171
666
2402
276
295
682
486
203
224
258
228
205
185
504
439
551
269
930
224
193
345
369
357
201
247
172
187
325
205
631
179
176
171
224
191
652
1254
244
222
687
311
243
207
171
289
1593
795
421
207
361
429
183
336
175
225
344
177
322
220
174
910
418
171
376
416
393
367
217
507
335
845
211
239
179
267
173
355
994
189
306
171
202
191
201
196
171
372
192
214
199
280
171
211
317
173
314
176
188
470
321
510
171
260
171
205
1013
184
444
1912
4437
1018
209
951
521
929
596
765
429
219
221
413
172
193
207
320
329
180
179
273
411
220
277
328
306
172
216
339
562
350
327
797
364
384
193
235
283
213
276
234
297
188
260
223
210
286
482
451
389
231
318
176
292
670
187
274
1428
171
281
441
339
175
196
301
438
232
360
313
270
298
311
180
203
177
197
565
502
638
185
171
267
216
194
562
432
218
227
200
291
333
661
277
296
371
176
201
285
336
400
337
353
195
191
1044
326
220
446
522
401
485
222
341
433
1645
873
1927
267
298
345
317
291
189
216
225
674
512
342
1121
173
1137
200
386
475
857
199
199
284
293
284
300
197
911
345
320
1638
362
342
336
371
308
410
378
442
204
414
322
385
801
229
306
254
438
1581
317
416
401
210
292
306
304
228
349
1020
907
540
178
205
307
194
296
204
352
251
446
365
491
187
227
198
299
733
262
195
477
367
354
202
203
201
230
335
215
854
421
173
199
756
237
198
412
401
496
322
228
452
367
185
196
379
194
202
2739
538
448
431
177
177
257
289
493
461
299
200
314
352
311
258
313
319
257
225
263
328
183
564
336
391
365
238
226
171
1150
265
262
187
184
289
320
173
217
351
456
810
382
363
840
414
309
374
511
196
347
357
234
308
288
172
270
212
283
314
653
758
375
281
339
3258
304
325
359
198
258
189
181
240
199
618
305
1019
490
586
334
345
555
506
434
574
313
183
375
225
334
288
191
317
270
429
229
188
213
348
602
248
174
588
937
274
890
373
180
399
192
223
491
557
289
231
320
375
271
243
249
431
171
199
392
199
229
315
281
179
343
598
716
1196
655
610
609
255
396
941
172
757
179
470
177
172
305
359
191
288
171
234
175
244
320
216
551
317
182
386
446
358
173
277
186
222
190
346
544
180
185
180
252
950
269
189
274
378
315
482
233
171
313
437
173
1884
266
508
953
173
209
451
210
465
232
185
294
526
704
386
557
192
299
542
171
218
438
224
286
295
184
205
245
358
311
648
225
350
768
296
325
406
310
1200
209
226
244
190
214
224
185
635
415
183
557
422
197
363
286
208
215
177
306
376
234
217
428
227
249
1130
171
276
385
198
171
384
188
302
389
290
224
382
1402
242
564
462
242
354
311
268
296
771
289
221
197
301
187
838
335
267
395
212
568
177
463
254
212
311
396
581
197
181
204
189
224
719
223
376
364
324
178
227
342
205
913
338
217
307
270
210
274
270
171
295
353
183
171
250
257
179
206
214
401
298
212
436
215
516
627
173
739
184
841
1018
314
456
1322
353
1124
783
363
194
180
274
181
532
172
181
183
293
432
447
226
171
1194
386
328
2256
204
173
227
389
183
389
246
177
173
171
211
171
320
417
293
334
248
699
1174
221
385
183
189
177
271
175
208
987
349
475
215
481
215
185
656
203
202
238
616
181
663
336
477
274
281
255
395
703
204
358
273
236
441
334
216
292
173
347
308
171
197
184
546
264
468
203
179
221
205
338
483
286
252
174
192
247
194
172
232
809
174
259
363
325
680
553
231
2262
333
1401
259
171
182
297
234
200
185
236
275
174
268
201
241
249
190
184
186
269
423
199
413
199
236
231
171
179
180
302
585
409
182
396
330
189
180
341
208
278
242
175
314
186
177
197
184
175
254
189
189
462
229
301
190
196
325
175
326
211
180
185
267
185
328
364
176
1040
436
406
185
279
211
516
290
272
335
304
2336
576
544
198
231
215
179
333
549
280
290
251
191
188
219
173
935
368
875
171
232
629
1307
302
632
172
437
175
355
353
504
474
267
288
257
380
277
456
174
275
177
285
187
231
470
302
243
420
208
275
239
184
383
570
209
280
363
309
495
722
520
2332
176
176
313
274
196
217
255
205
853
225
345
343
205
171
351
391
219
363
207
337
171
190
313
693
1117
203
228
588
585
431
281
1462
1434
272
263
301
377
262
198
408
446
201
490
809
171
349
2530
1170
479
2213
179
876
1904
172
3533
747
901
484
652
371
268
254
329
265
273
188
634
274
662
182
206
216
233
463
235
219
327
193
391
362
249
190
297
221
301
195
178
579
365
220
511
325
351
778
234
171
217
1106
541
315
439
196
268
222
374
192
190
485
398
548
236
463
227
419
785
341
220
181
230
269
235
180
214
173
243
920
521
657
722
202
277
206
270
354
724
649
289
207
336
479
171
332
318
308
506
347
175
409
558
270
173
176
300
210
295
355
643
392
171
278
316
624
250
212
697
240
171
439
306
661
181
258
235
208
213
172
684
343
222
3535
172
352
183
1089
411
1031
432
1606
1363
1084
1266
183
817
729
644
543
237
357
208
540
337
324
653
291
317
338
171
242
275
179
177
171
176
357
262
210
227
193
219
246
187
171
238
307
208
190
176
276
171
171
171
213
205
188
193
236
203
297
205
177
289
254
232
295
248
171
436
396
232
365
400
186
227
226
281
241
171
525
575
320
635
333
239
338
211
242
247
768
239
456
193
1233
314
226
637
648
199
220
354
295
245
352
186
257
267
207
215
264
596
279
385
394
665
456
525
396
282
206
182
183
291
446
272
245
323
198
258
171
247
224
548
437
273
171
235
614
202
249
425
386
292
389
633
441
767
213
254
173
249
199
281
249
318
226
173
399
390
181
332
178
284
614
203
340
712
171
172
188
205
620
321
227
328
219
364
246
335
828
251
184
435
325
394
185
480
379
236
802
297
188
332
266
334
398
380
268
397
341
345
657
254
235
236
409
358
173
171
180
310
190
290
279
249
519
171
357
380
240
260
221
222
226
172
176
439
181
288
317
276
293
566
339
221
413
519
472
511
207
204
343
873
573
529
171
348
175
629
183
263
1295
502
189
171
231
251
171
189
286
368
227
252
178
194
184
329
296
234
272
185
304
285
298
264
194
176
364
173
375
268
286
283
238
338
191
423
294
751
708
598
489
199
183
178
382
321
280
229
313
209
283
183
171
279
173
452
1485
191
417
260
302
171
432
213
197
476
210
298
633
1586
213
560
194
263
1544
217
180
506
177
211
238
178
171
178
332
188
224
171
177
194
406
196
789
325
332
584
269
289
171
725
358
328
372
584
218
336
856
628
178
214
228
254
204
238
171
214
188
334
427
1090
261
1315
295
285
211
190
193
183
276
174
737
514
345
172
188
192
178
283
180
301
190
304
253
559
184
1024
242
299
182
181
281
174
180
195
233
171
191
171
426
311
210
171
481
375
439
171
244
346
208
227
184
716
171
314
188
316
281
185
214
190
440
224
183
193
186
273
171
433
406
454
215
653
239
225
248
233
374
262
349
243
194
320
316
173
247
205
393
3099
390
739
791
773
521
1057
240
645
222
390
203
188
172
187
227
437
354
179
210
298
542
208
292
319
474
449
335
173
194
194
178
183
461
193
372
367
481
1620
506
171
404
777
179
452
206
177
180
230
543
650
194
176
257
171
282
304
544
1056
713
286
756
208
956
273
664
423
661
191
178
231
177
184
293
411
263
207
200
171
171
343
565
300
355
200
292
519
307
222
260
217
435
178
184
300
419
336
285
477
255
194
181
277
175
299
172
289
186
624
622
234
171
347
421
307
819
517
276
204
225
171
246
210
175
179
303
402
193
581
476
186
280
239
251
373
398
180
171
268
405
271
317
184
358
881
795
314
290
207
644
300
175
243
567
177
767
205
207
341
510
685
837
204
171
569
560
271
195
1120
224
378
293
171
278
179
271
570
810
566
344
222
852
1650
800
208
505
1577
2051
580
460
466
171
676
185
226
296
292
934
408
446
183
185
296
174
294
391
313
394
422
672
271
322
1261
348
232
443
704
792
243
210
727
1916
744
390
485
171
538
572
182
672
371
171
318
391
328
494
256
180
634
201
543
262
303
419
630
206
171
197
171
254
247
281
308
254
171
280
181
317
210
192
251
230
697
954
548
174
172
210
510
259
567
171
320
238
289
295
239
469
210
370
232
245
240
211
287
246
373
203
195
201
254
257
174
498
844
378
257
746
225
186
224
302
244
433
297
196
171
621
181
274
254
176
202
306
203
526
171
471
198
291
349
366
187
180
224
171
299
174
246
199
1888
314
171
960
353
1250
186
318
171
611
368
2732
567
315
1064
1119
1060
171
187
614
213
171
263
212
302
195
442
759
216
250
337
201
215
371
329
578
600
340
2090
228
1945
185
328
220
192
415
388
723
401
939
937
561
331
366
259
484
204
349
198
171
275
391
183
793
392
347
367
283
650
209
433
1448
171
324
247
581
171
325
197
647
171
306
704
182
197
177
411
320
212
177
272
171
247
496
238
182
334
342
337
220
394
282
256
210
205
374
210
327
336
269
313
231
208
439
225
432
210
390
176
201
645
171
358
172
299
746
335
248
299
208
171
171
257
276
236
238
310
235
219
378
264
196
256
218
395
280
192
177
208
207
195
171
578
412
171
229
325
264
270
247
288
208
184
214
320
283
180
451
294
173
245
219
304
486
262
340
378
591
191
218
241
432
233
197
194
501
260
284
305
289
224
259
171
364
229
201
284
456
397
283
1848
191
195
349
288
361
195
338
255
171
193
171
499
831
513
236
407
218
182
171
481
171
202
397
199
617
1622
301
431
211
850
196
221
293
182
194
206
172
609
573
337
829
446
171
926
333
176
442
314
286
201
180
180
182
175
325
334
552
441
196
265
342
192
176
199
352
380
363
305
635
501
242
632
191
249
191
197
300
187
381
291
345
2763
326
185
380
171
225
211
329
204
1020
260
232
649
732
511
360
174
231
188
197
189
256
175
291
221
347
191
192
621
280
189
253
1015
251
342
296
209
171
283
1643
243
220
774
226
290
171
188
183
176
275
235
280
302
551
955
361
435
218
199
236
291
180
828
283
471
178
359
282
173
314
249
386
171
195
189
221
250
296
193
174
282
722
266
225
232
234
307
288
372
181
247
300
212
178
176
210
257
366
296
487
207
467
230
435
171
239
223
216
247
342
249
171
196
171
173
193
459
687
314
178
604
265
224
171
200
354
452
797
763
216
341
735
1500
171
761
234
424
201
428
311
203
239
512
359
421
221
241
315
410
174
357
171
171
196
354
331
374
354
672
192
280
586
188
171
378
192
241
295
343
239
232
171
263
234
695
494
660
175
275
264
412
503
440
930
342
544
450
398
203
234
275
206
180
208
213
185
179
181
423
296
189
200
319
185
194
204
286
180
211
204
242
234
201
171
317
202
372
323
334
187
595
701
171
528
329
187
583
544
229
262
752
265
467
1244
171
309
274
365
393
699
273
194
434
334
509
263
708
177
221
394
324
282
241
187
191
277
178
172
304
810
171
324
221
180
229
172
339
638
528
435
356
251
373
171
237
282
255
178
338
222
455
747
310
405
640
194
1098
308
191
176
726
927
300
707
712
204
647
694
6703
199
458
322
295
788
292
616
264
538
328
343
213
235
235
701
332
868
360
533
311
171
181
261
171
261
320
189
230
319
187
320
203
204
171
252
447
433
857
189
273
263
173
284
575
181
187
197
367
434
217
301
534
256
406
258
971
1085
235
373
384
238
945
310
176
171
366
222
318
207
251
313
232
344
290
322
350
196
366
285
286
391
391
319
415
188
201
344
762
189
408
173
176
195
300
216
187
171
171
209
215
202
630
220
235
232
177
342
327
281
204
217
286
241
328
252
255
386
201
250
962
490
196
266
632
419
1207
742
330
293
2068
391
440
171
277
171
328
186
310
186
206
224
232
622
377
171
901
395
1232
1214
321
171
181
1030
217
286
391
941
215
362
249
412
424
353
176
353
184
231
284
247
224
287
247
191
776
292
215
218
175
264
174
237
903
225
424
185
306
323
178
230
202
243
210
212
173
293
190
177
383
400
432
237
256
188
367
685
519
390
265
445
353
292
439
400
431
1915
380
197
292
215
226
527
517
274
239
363
373
949
776
323
381
447
356
974
340
239
330
297
317
213
331
275
204
325
206
183
827
182
290
176
174
189
229
585
247
195
313
182
207
447
358
289
212
223
416
503
267
260
292
428
205
1240
400
171
496
925
576
342
208
299
376
317
294
182
310
303
188
276
185
265
1480
348
620
302
221
292
230
290
525
252
480
171
184
223
193
331
180
881
176
255
482
808
264
320
338
268
349
333
171
231
171
276
284
286
186
197
322
171
194
194
194
328
343
171
193
178
321
190
369
171
968
1443
1165
252
838
835
481
402
1212
1099
188
296
396
273
181
2200
432
719
244
451
776
765
285
218
704
263
315
225
2617
430
213
776
909
271
713
286
318
455
501
369
171
536
221
211
282
717
273
227
342
272
910
2465
574
175
171
1118
283
736
370
177
296
375
192
171
272
219
177
202
310
182
333
199
498
358
272
208
216
215
219
369
248
272
368
356
295
358
507
332
209
492
219
353
300
310
418
256
539
1312
811
589
284
192
318
345
326
502
171
175
225
407
256
180
355
182
171
303
285
460
490
335
243
237
186
222
321
238
356
195
312
316
513
703
791
629
4660
297
436
212
188
288
217
172
372
439
287
248
171
174
227
284
281
306
323
487
1881
839
741
371
385
232
1132
256
318
380
316
186
1275
1461
508
501
1248
4886
1174
2479
699
439
228
841
703
178
413
172
355
202
179
336
931
185
171
949
230
175
502
302
352
245
551
419
434
628
284
1635
367
588
395
219
196
390
173
184
174
182
279
333
387
171
339
1010
345
305
364
313
189
332
194
289
330
275
171
377
179
285
267
700
759
1380
558
1757
335
1104
275
530
302
369
389
365
569
1214
612
813
757
586
310
171
505
171
381
742
591
2540
321
440
404
1578
202
395
171
222
182
394
494
302
297
444
222
341
223
275
336
211
353
243
442
239
239
181
464
375
358
437
591
210
1307
350
430
223
363
441
261
257
199
879
203
654
394
466
267
898
662
970
434
295
647
532
425
171
1696
222
748
173
522
1009
782
287
1355
291
453
336
594
1042
195
213
291
379
223
317
173
263
184
260
368
283
217
179
675
226
263
279
176
211
182
280
466
187
171
388
174
184
237
182
269
498
191
228
326
188
531
179
236
364
562
174
336
334
1006
968
261
2248
535
423
207
228
286
220
213
384
230
194
285
779
1503
217
275
179
428
1420
1271
2186
446
269
198
480
886
206
798
603
286
1237
171
616
470
210
210
677
1029
199
200
629
398
1356
1377
1253
369
1796
1999
728
1378
192
630
381
383
250
234
175
360
348
225
362
289
259
239
922
300
241
202
184
313
388
176
566
201
171
198
182
1972
258
1163
729
356
378
200
179
172
682
194
205
171
179
184
235
171
259
258
185
195
613
255
244
212
548
1238
293
171
182
273
261
455
240
390
182
530
481
604
171
493
606
274
330
626
373
201
171
187
247
325
190
419
536
495
171
275
210
502
1092
296
171
274
264
602
530
777
256
510
202
273
240
724
205
187
702
198
599
582
401
1296
349
218
687
628
184
171
191
278
320
381
171
846
383
457
252
1447
281
232
239
222
1044
517
189
176
199
442
212
200
249
321
232
212
503
374
177
243
279
207
187
203
238
324
185
329
231
218
202
180
354
171
563
247
193
1547
763
617
204
195
559
222
278
300
408
290
300
215
381
348
254
241
329
205
281
223
171
311
219
255
205
364
191
357
179
246
1961
663
200
385
323
171
313
340
442
571
219
231
445
381
198
194
401
171
171
342
249
249
192
373
172
328
355
206
227
307
430
208
463
356
929
180
237
312
203
271
319
196
1064
281
762
203
251
555
277
289
184
205
206
184
428
391
463
270
488
173
331
175
364
400
343
196
452
190
171
317
309
197
300
176
222
243
182
281
418
310
172
190
299
391
261
208
221
245
306
3046
261
395
553
535
275
344
222
222
359
230
246
234
250
673
173
329
340
242
356
189
171
437
376
263
437
221
278
171
212
257
185
425
481
239
981
429
177
252
261
425
373
267
279
183
300
253
192
486
439
827
385
546
171
228
436
657
602
814
642
484
1312
328
1424
1984
266
289
210
328
576
743
254
267
248
729
221
232
211
559
174
176
1331
198
787
205
1068
1566
266
394
208
287
377
470
395
246
196
299
187
175
366
529
196
239
228
171
305
214
589
349
190
251
214
171
294
492
384
489
318
327
171
191
321
306
186
333
531
841
539
571
340
230
269
172
607
294
456
476
255
337
220
407
543
1634
777
271
399
485
549
464
2747
845
525
809
1255
468
197
179
391
683
214
272
313
542
288
371
248
205
174
668
263
310
291
542
225
512
712
364
279
171
336
334
735
374
666
214
429
326
321
578
275
599
212
299
213
550
308
669
308
253
245
646
177
250
264
531
203
171
217
534
171
540
266
407
308
171
548
595
188
172
443
245
326
1249
257
216
171
707
667
171
551
177
304
286
285
188
216
373
173
199
338
171
174
296
408
285
216
334
182
199
398
324
403
206
191
225
229
260
331
431
411
1276
172
174
332
175
252
196
178
361
314
418
183
181
514
441
626
328
422
429
349
609
184
401
206
230
240
195
747
493
314
395
247
353
527
180
193
602
453
524
196
450
936
178
371
171
172
300
209
265
932
356
249
203
362
306
511
245
249
196
376
227
202
235
281
180
207
208
459
439
270
429
311
203
203
214
273
257
172
226
306
193
704
380
185
287
190
171
267
190
472
674
183
375
323
311
299
1007
218
345
171
333
171
966
406
1049
501
484
669
1688
257
340
549
245
211
638
452
1895
380
659
489
1128
197
1420
915
181
372
749
239
619
444
171
556
392
522
596
879
372
188
222
267
232
260
179
222
558
1018
574
222
360
195
466
586
600
486
269
673
198
410
277
210
182
401
579
171
310
200
833
904
214
197
559
313
468
286
1006
220
384
992
674
204
226
342
522
249
191
222
380
481
342
282
171
359
193
326
575
713
255
1216
359
534
227
180
171
826
206
202
235
754
776
360
336
242
213
311
1014
325
308
227
268
300
179
361
585
522
857
182
609
568
171
263
409
222
173
310
247
353
690
536
190
189
333
316
319
542
313
297
213
423
449
388
176
174
524
848
282
252
420
363
324
420
244
382
195
179
215
784
526
177
1412
230
174
279
365
558
337
740
1904
171
553
225
792
1054
303
478
171
603
566
301
182
193
531
175
485
171
778
1621
247
175
483
193
372
354
233
1001
1138
1202
245
190
183
178
238
260
444
225
179
215
227
190
179
178
829
190
207
288
295
284
489
408
668
330
221
171
456
455
662
411
425
483
225
200
266
171
835
983
315
349
310
251
171
238
375
961
182
284
241
345
481
435
313
243
193
438
222
191
203
335
171
219
327
214
200
370
243
171
231
328
171
214
475
500
279
205
232
297
371
347
222
272
408
181
336
201
179
171
377
213
218
359
777
179
254
272
219
185
254
387
242
329
171
431
1006
384
171
578
350
518
194
276
270
251
263
250
740
171
205
178
192
320
198
490
719
343
566
455
266
182
236
182
224
1911
297
171
183
329
195
498
176
226
389
305
218
291
306
281
309
359
510
275
225
225
256
840
194
225
184
171
367
355
193
417
216
659
428
244
966
198
176
270
198
865
186
186
208
413
300
979
205
189
173
276
519
181
228
509
539
417
186
292
607
524
382
185
171
409
310
264
175
279
291
362
245
493
211
208
345
558
414
269
179
218
552
312
204
254
394
875
291
183
259
506
189
216
228
292
892
585
316
2093
604
411
292
506
229
301
342
176
195
425
181
258
374
428
289
597
171
171
254
252
1960
226
178
372
274
598
646
171
174
259
283
186
215
344
419
323
203
294
292
722
196
183
476
566
271
191
259
261
191
551
192
206
182
220
175
244
297
329
206
176
234
171
171
207
311
257
320
176
349
224
408
224
283
195
194
290
285
277
1089
245
384
233
203
190
336
414
520
184
417
297
251
208
184
171
217
896
420
227
319
171
185
366
344
171
252
386
194
351
271
475
182
498
186
384
187
203
370
361
349
212
221
222
726
224
500
667
177
306
383
186
216
366
224
261
373
1286
898
171
193
186
1181
171
369
255
239
191
171
173
198
272
389
379
209
217
171
182
253
191
182
260
263
270
230
229
176
225
207
317
186
239
171
743
686
1239
611
181
181
201
193
250
196
333
304
201
398
171
304
566
337
393
171
300
291
291
315
226
219
189
1101
171
306
266
481
258
253
188
255
171
267
171
382
374
294
283
196
292
171
322
206
323
569
229
796
471
284
1094
291
1920
421
228
712
198
184
182
258
204
227
415
282
257
264
261
323
399
171
186
183
225
337
276
266
510
1767
196
172
359
654
288
332
237
190
248
608
612
318
692
235
179
197
231
229
610
416
633
200
450
431
321
816
193
219
171
295
171
171
222
259
230
325
193
252
227
520
236
695
182
200
335
274
246
276
298
326
282
257
171
682
171
195
532
186
172
172
1811
313
498
590
224
180
194
194
338
252
176
227
417
196
307
196
476
280
196
340
211
175
373
210
304
258
197
784
171
215
531
211
635
235
665
1271
202
894
395
411
201
308
431
492
438
277
445
518
323
198
371
190
281
388
179
451
205
857
171
208
312
458
455
778
184
222
613
197
182
191
271
1136
204
233
451
210
327
171
376
543
255
209
224
408
433
218
209
566
1971
183
225
388
452
234
171
336
353
191
197
1145
455
437
176
175
296
179
400
341
322
265
178
296
295
271
284
204
220
171
171
186
189
365
209
185
269
200
306
1213
470
178
239
255
175
293
231
192
179
394
174
237
319
390
524
296
171
171
218
208
563
207
198
199
717
1118
333
235
171
535
244
322
204
207
573
215
360
171
186
192
354
277
191
372
727
247
315
427
201
171
306
218
297
1212
737
202
195
227
313
321
706
249
355
200
1567
478
180
347
171
182
185
215
285
211
252
461
192
252
229
204
171
564
342
263
292
183
314
186
414
244
219
213
175
380
188
306
314
785
189
297
216
217
229
178
228
291
371
254
196
400
225
242
171
342
312
263
191
171
179
204
246
171
308
218
567
369
557
990
231
191
178
171
498
185
696
258
215
193
233
1143
227
174
195
247
464
807
286
532
450
271
328
373
238
307
184
589
516
280
197
706
213
540
282
245
312
264
592
910
198
203
171
657
790
2035
223
465
410
385
367
185
411
258
445
741
364
268
171
467
323
331
266
264
851
171
308
173
420
347
252
426
186
748
171
320
307
1225
423
471
844
445
258
297
192
178
230
281
181
202
833
459
239
371
381
171
217
195
171
691
365
347
823
192
677
488
1315
535
207
323
242
1478
515
503
809
1870
202
4398
287
357
188
2275
712
231
1423
1409
2420
1948
171
2143
1255
392
353
750
188
178
297
403
863
346
266
293
847
174
192
305
394
291
934
174
252
186
482
638
371
233
292
241
383
332
202
317
236
171
226
278
181
190
1106
343
223
425
190
629
255
228
337
177
221
389
208
3201
360
651
202
866
388
326
234
343
593
913
237
349
184
497
867
417
240
865
245
620
194
473
242
414
399
171
5071
581
386
201
334
286
527
327
1011
339
320
229
180
236
200
210
215
358
171
201
702
197
297
348
463
221
247
174
236
412
171
174
358
570
368
173
697
585
425
501
261
238
190
217
666
287
237
287
388
219
371
254
269
173
254
171
373
514
876
318
171
306
251
171
250
189
363
334
347
286
204
171
409
192
332
375
191
185
192
237
250
171
174
986
394
174
1470
812
372
182
468
174
313
1353
335
1030
171
180
583
311
188
251
411
183
348
459
285
245
392
217
384
194
187
307
266
223
411
194
191
194
209
207
553
362
201
243
329
304
366
219
398
228
508
246
210
242
191
190
172
413
302
259
190
229
267
190
326
282
209
467
179
235
414
639
202
499
198
394
200
413
521
206
188
281
293
176
185
229
218
245
210
250
185
308
171
174
322
245
183
174
422
510
196
233
324
185
347
374
273
224
354
370
198
369
241
180
433
487
204
495
469
238
713
297
359
171
179
1930
594
220
238
237
637
1240
179
3980
1763
455
396
185
340
180
220
197
171
876
174
201
182
622
715
502
174
351
453
264
232
248
185
183
186
208
194
171
425
191
187
297
543
428
208
312
208
171
191
198
179
346
428
187
362
371
173
776
290
213
338
233
189
230
180
320
380
281
391
206
213
171
176
172
177
221
194
461
614
182
314
498
233
233
282
173
175
244
375
200
186
493
184
260
481
1014
1077
188
272
187
339
176
171
276
213
173
306
189
406
572
300
443
343
182
171
183
201
277
183
190
172
171
255
225
344
175
179
207
189
330
258
186
268
218
292
178
171
643
974
300
274
227
303
305
680
423
388
380
240
175
328
217
244
320
364
171
201
250
297
218
215
249
205
643
241
443
219
183
367
250
267
236
171
328
246
322
367
393
261
645
182
234
181
264
419
173
171
171
284
380
172
326
203
200
271
285
215
435
183
199
298
233
600
258
326
330
574
910
216
267
230
252
280
297
263
185
388
449
260
232
232
205
171
207
1249
2613
178
184
335
768
295
1734
209
393
222
445
253
171
1512
227
295
420
175
362
178
280
2080
586
2864
1074
378
794
499
687
267
430
443
353
301
233
208
298
198
259
213
196
238
171
366
279
254
192
366
684
901
1560
176
226
171
193
204
283
428
383
311
182
171
232
628
566
193
171
179
192
179
181
260
520
632
314
382
263
377
191
368
304
346
222
219
171
178
299
173
201
202
266
171
275
287
246
182
207
255
184
215
206
175
329
253
285
260
448
181
751
256
472
238
182
213
240
579
267
248
326
344
190
375
447
316
194
283
177
460
663
339
171
174
179
247
229
194
203
204
243
254
183
485
867
248
508
1148
414
2005
459
255
530
190
276
632
263
211
523
229
838
179
704
171
179
551
256
171
458
235
193
196
215
259
322
186
187
173
925
229
238
454
4153
641
284
298
200
309
281
223
180
366
314
203
296
220
689
249
171
183
211
211
254
399
195
353
213
189
241
180
247
273
193
194
171
316
360
307
429
210
266
307
509
415
268
267
191
212
184
216
239
323
369
179
241
444
294
1897
212
191
183
466
171
315
310
473
335
444
500
201
250
249
171
285
273
324
303
421
390
208
312
462
171
194
203
445
249
349
261
215
369
400
208
482
373
293
339
274
448
174
292
453
193
463
239
338
311
188
256
171
387
301
284
392
490
291
311
600
538
431
181
435
494
516
192
990
517
256
231
768
438
238
406
468
181
193
236
1047
324
670
178
380
362
200
240
254
222
180
171
233
547
503
719
609
276
180
171
244
284
501
171
335
282
604
294
177
677
182
179
179
256
252
394
238
555
342
330
579
720
353
276
223
716
404
753
1108
210
259
280
635
173
200
574
195
174
215
244
226
266
202
190
215
558
301
811
508
171
299
232
405
311
172
322
198
192
301
371
734
207
355
237
179
370
397
267
184
382
723
443
183
434
227
243
186
466
201
821
250
439
256
291
174
232
396
829
293
538
214
261
256
232
328
211
175
204
195
181
242
275
291
287
173
171
203
258
233
349
191
200
323
748
282
1017
387
175
218
226
299
171
400
320
251
219
293
264
193
242
241
312
412
171
199
210
174
324
190
330
564
484
210
371
431
356
567
366
500
388
171
373
384
341
219
330
199
182
229
238
204
203
184
627
821
269
198
296
724
635
226
230
349
479
641
237
348
301
199
179
210
211
444
196
212
185
190
228
386
171
313
184
210
171
306
171
202
457
229
195
251
178
173
311
411
208
179
210
192
803
595
258
326
385
229
748
401
178
524
411
591
174
412
409
312
171
178
217
445
196
265
214
276
204
261
190
219
354
218
184
182
812
180
1266
171
263
412
256
171
245
204
315
171
182
222
171
1296
206
336
749
1031
521
198
171
533
857
182
202
845
558
637
449
320
336
196
193
188
470
541
430
427
175
512
589
351
469
594
178
180
446
501
287
178
171
217
174
246
346
411
475
171
278
855
623
458
456
1124
186
624
340
177
172
227
254
473
202
205
199
411
310
340
340
264
176
209
280
391
199
171
212
225
235
287
185
202
266
178
211
1254
238
471
263
1464
535
182
289
346
362
272
841
903
231
363
209
185
197
227
706
373
455
193
401
420
203
1158
407
379
171
269
180
193
232
177
182
241
323
251
299
376
192
289
174
304
361
190
240
308
286
190
355
381
1261
191
441
201
214
908
171
293
171
171
215
531
377
242
171
171
626
443
547
734
379
271
230
455
191
277
265
241
234
265
175
371
190
192
172
177
236
217
428
419
226
468
228
273
280
314
336
231
459
374
385
404
240
213
214
328
172
297
176
394
231
244
201
707
838
488
758
897
598
367
535
352
445
310
452
190
279
219
418
574
965
865
207
183
968
381
308
280
272
341
289
1427
262
465
284
234
237
442
912
189
348
217
174
201
230
172
206
274
270
212
374
281
210
347
316
183
582
627
242
209
289
247
187
873
336
512
616
392
263
188
206
266
184
237
289
726
282
367
592
348
266
202
227
192
171
279
192
171
174
268
378
235
183
172
181
603
318
239
171
204
259
310
178
418
220
240
448
276
1590
171
297
253
385
394
176
178
214
385
261
313
216
367
303
210
171
211
827
434
223
376
321
433
409
1195
211
353
376
538
315
1013
545
173
273
433
182
305
457
330
295
351
346
376
302
195
260
748
211
175
264
195
661
730
194
792
700
378
360
310
200
211
785
171
259
885
176
369
211
517
336
201
281
341
195
171
534
319
225
491
405
389
304
277
221
438
431
479
171
184
239
279
216
351
234
253
188
246
171
214
187
171
179
443
171
193
244
181
401
374
452
222
209
307
198
184
359
218
655
368
393
262
300
198
311
393
229
299
378
283
233
185
207
347
239
323
179
176
207
672
580
338
355
227
255
718
1256
713
281
247
179
173
825
340
312
171
180
223
265
266
233
287
530
187
216
182
470
237
299
376
189
288
171
719
279
645
294
457
730
724
207
561
572
870
243
314
222
240
206
232
175
406
236
210
297
918
223
685
707
415
301
213
339
209
272
461
570
268
353
309
179
187
671
232
171
187
193
185
1034
1505
676
448
894
186
646
400
328
571
523
530
481
186
178
277
531
171
739
327
181
235
325
222
173
330
272
1615
210
247
301
268
297
171
343
469
192
326
341
298
886
569
274
415
714
194
171
432
185
195
429
365
728
520
375
1055
894
225
369
671
171
270
223
225
287
277
199
194
241
262
1113
1414
1007
1338
406
2182
222
362
460
997
308
176
613
290
405
594
278
235
252
339
271
171
432
306
277
189
345
171
171
327
287
985
1088
372
274
394
419
201
313
869
740
494
308
289
180
551
227
200
203
175
496
434
184
379
284
194
173
243
387
305
235
178
171
309
195
286
254
330
225
238
285
209
568
285
187
778
794
238
370
553
521
171
179
268
191
240
247
441
259
293
349
761
476
184
224
362
343
493
316
171
171
219
171
203
177
266
191
199
325
224
171
219
2921
248
352
178
171
378
205
556
223
258
701
1011
241
181
197
366
276
234
171
299
774
243
596
463
414
266
306
176
171
287
296
191
223
171
175
392
209
558
202
715
257
172
361
414
213
362
178
175
574
387
700
201
386
273
651
364
280
173
174
171
183
196
185
222
386
204
292
222
294
258
368
262
177
257
323
299
205
297
285
257
184
463
228
190
270
173
545
438
236
234
764
386
360
425
228
202
171
626
185
306
251
171
241
325
393
321
333
171
195
210
290
207
206
277
287
383
186
185
172
206
353
187
351
695
200
197
217
174
264
243
361
390
412
312
738
334
590
228
428
335
709
406
188
515
189
186
304
177
175
274
357
585
344
171
179
200
610
351
303
367
239
396
257
368
267
171
327
228
260
179
188
194
332
183
392
247
353
192
272
210
440
207
171
210
266
357
272
238
280
285
280
329
534
516
1428
321
403
1226
495
618
202
330
530
287
171
270
499
197
248
192
171
337
394
218
194
238
233
232
339
356
314
171
266
260
171
235
177
332
284
309
222
399
205
226
178
734
183
197
786
322
367
201
171
198
261
350
408
259
174
430
211
364
187
322
198
610
227
313
187
274
741
213
314
445
230
238
204
194
187
455
369
255
265
324
370
638
288
228
209
286
367
202
255
527
171
486
468
194
242
199
171
319
256
175
293
194
194
323
177
184
361
319
367
221
417
511
258
288
310
190
277
177
205
334
367
171
352
209
176
261
222
216
251
173
303
192
228
238
175
171
463
382
347
614
344
188
490
171
380
280
253
479
275
314
341
254
524
286
196
191
204
396
171
235
207
307
401
205
266
175
231
329
179
341
187
238
197
178
218
211
493
346
181
288
188
291
239
269
246
337
223
269
316
359
270
187
171
172
224
192
178
288
339
174
406
171
277
212
305
269
232
204
382
201
611
1083
233
478
183
545
467
176
204
346
365
615
381
403
737
212
213
180
343
507
192
236
245
451
261
594
318
290
566
517
244
228
371
251
365
414
171
387
231
192
182
307
686
531
275
447
544
337
373
209
346
239
294
182
202
314
225
172
291
232
308
184
497
252
185
186
358
266
318
237
240
346
234
302
184
471
304
182
204
234
195
352
253
271
308
246
208
240
749
507
391
268
572
530
337
213
200
182
616
453
173
171
171
229
410
254
362
234
339
187
767
228
241
813
345
245
343
334
937
217
177
397
367
515
365
208
205
225
425
718
180
243
1983
797
718
253
227
269
330
319
260
177
272
171
526
292
174
301
294
222
317
618
195
272
512
182
386
171
413
270
273
207
239
276
426
179
714
486
399
1200
1703
779
1097
323
1269
861
638
245
473
341
273
770
1477
3747
1112
553
475
1176
287
1388
794
180
364
500
263
354
204
184
780
213
334
187
252
311
176
364
211
251
199
245
338
175
228
233
171
210
205
173
190
216
270
486
279
202
197
188
606
216
299
604
218
224
171
283
328
171
599
219
447
786
473
516
222
301
226
190
325
270
352
233
177
198
185
196
363
229
191
894
412
1198
349
263
302
219
213
201
465
408
221
294
207
1004
316
171
236
201
231
245
435
563
216
861
524
943
361
365
1278
1300
559
531
272
612
530
408
368
351
406
176
181
303
214
263
231
362
262
951
340
583
247
202
326
176
249
184
183
200
402
184
466
171
179
186
212
373
192
331
177
195
186
194
290
372
322
189
584
329
246
450
307
493
217
179
326
329
204
309
171
451
199
1096
400
469
1310
388
307
369
268
497
293
288
394
574
171
408
204
424
388
293
233
198
585
202
188
370
212
1958
187
477
502
383
620
794
492
368
387
176
362
279
587
679
274
371
209
177
171
248
189
409
615
330
279
192
407
313
462
337
295
263
272
203
205
222
226
180
358
179
229
244
267
377
171
286
632
691
301
225
454
171
173
214
171
364
222
317
171
290
204
171
215
235
549
344
427
203
182
398
897
213
1450
247
171
171
384
364
681
445
292
171
345
280
286
348
552
282
192
496
262
218
450
461
827
248
238
188
672
188
697
439
185
401
231
296
308
261
252
218
246
211
173
317
351
615
733
177
331
365
185
177
765
696
181
367
617
554
475
201
828
187
205
235
223
213
189
186
248
189
278
1017
506
244
659
178
178
171
183
1055
424
340
190
883
185
300
449
276
766
295
190
319
1578
187
254
494
469
750
213
239
324
562
225
329
198
566
251
186
272
301
177
280
309
304
439
319
171
182
171
171
361
195
220
264
311
403
201
298
230
519
171
372
311
237
178
171
928
171
379
394
329
186
263
341
273
295
171
353
177
203
280
183
419
173
232
498
238
393
275
268
184
204
171
171
341
541
375
294
225
329
326
222
402
255
342
360
283
194
191
289
465
330
582
498
173
326
189
185
185
194
193
197
235
400
177
521
387
229
412
255
302
419
189
188
205
180
243
171
185
324
1036
609
425
287
306
266
290
208
261
182
298
183
171
181
343
331
280
296
231
323
190
194
247
244
188
181
171
319
336
211
574
391
239
328
201
196
176
206
301
305
177
467
507
315
686
470
217
450
171
731
254
171
384
212
220
171
518
239
327
222
244
184
272
277
184
391
458
314
628
171
450
252
468
259
347
392
201
863
202
223
243
243
235
256
194
230
286
188
284
320
198
288
440
242
516
179
362
293
1934
219
243
172
680
534
259
1049
247
217
194
266
232
188
497
682
171
389
423
196
1021
1019
409
247
222
1347
186
468
326
295
315
171
482
210
462
300
183
279
231
326
304
193
460
304
194
691
305
171
435
249
957
495
452
576
631
421
318
445
171
308
262
312
214
206
198
508
368
281
378
222
1040
231
418
446
241
281
764
174
581
1223
553
681
419
247
401
581
537
2381
321
703
613
345
342
327
493
214
262
515
1174
623
178
333
1119
189
292
307
305
177
281
396
200
338
446
218
313
184
823
1242
869
700
244
182
221
756
292
400
291
328
509
488
213
1231
207
194
192
556
223
503
534
277
403
241
217
388
641
384
225
191
202
186
339
397
304
592
293
284
174
325
534
564
348
474
739
714
482
171
239
592
245
1045
343
250
291
192
416
241
228
286
200
294
195
288
377
470
215
215
185
223
369
797
539
302
501
257
180
274
194
279
182
232
397
255
321
300
286
233
237
267
707
392
214
447
175
215
235
240
892
448
498
1206
594
219
352
192
847
328
230
255
232
303
381
206
236
783
392
585
1225
636
670
171
299
227
174
241
590
341
251
206
177
346
230
306
184
701
171
238
190
192
171
173
449
495
179
528
198
186
563
175
379
177
178
181
206
171
190
181
258
177
171
241
1008
195
201
171
1059
318
186
326
215
263
255
374
211
270
295
204
245
313
261
684
231
599
286
230
174
437
352
334
183
234
291
386
203
258
208
187
192
312
190
289
422
297
588
214
179
204
203
553
442
191
310
333
749
1027
232
184
327
364
220
408
230
521
254
174
212
219
177
186
218
522
326
1229
171
200
171
382
171
329
208
579
252
273
416
181
646
259
213
294
281
193
267
198
825
229
181
224
194
189
211
347
417
202
191
218
221
202
402
290
455
194
171
273
300
175
438
325
248
518
183
212
205
183
262
578
772
444
173
529
221
217
235
218
210
218
373
188
530
225
183
251
518
466
600
452
221
382
302
275
254
261
257
171
209
573
248
229
699
1104
781
265
312
203
347
177
271
181
194
267
407
296
331
200
199
304
301
183
219
171
274
730
196
268
239
496
302
295
414
232
211
173
197
253
351
474
514
682
315
436
238
183
174
479
242
359
173
244
232
269
200
246
698
243
229
322
235
246
195
263
307
519
171
375
472
226
360
678
718
179
325
199
287
171
171
269
239
267
235
171
191
490
211
352
263
270
331
519
266
243
302
520
201
195
195
198
174
356
255
382
484
496
484
171
208
189
314
241
601
171
196
555
2774
1609
517
602
260
259
453
258
171
243
314
174
190
215
245
207
183
341
355
176
366
424
183
171
273
295
604
259
219
305
644
264
332
952
171
221
199
245
239
205
217
341
297
243
181
197
248
206
215
217
171
283
748
227
501
348
171
213
313
172
192
202
180
361
470
425
316
236
190
558
301
433
515
352
449
192
184
185
171
183
227
391
175
374
189
320
266
171
585
315
309
315
242
659
206
236
171
487
354
371
184
558
443
409
420
326
332
240
173
505
353
171
390
249
196
475
171
589
372
171
256
285
408
437
367
869
178
202
626
356
173
417
280
173
946
194
235
548
171
179
217
346
394
307
183
231
293
214
240
191
214
174
318
251
257
174
171
348
258
294
209
171
171
646
184
189
301
388
210
414
236
345
192
774
705
1021
702
366
350
453
666
314
650
548
184
322
177
191
496
594
443
301
263
484
181
319
245
314
646
342
192
176
304
250
710
424
606
335
171
215
266
908
234
330
237
1311
523
172
417
220
575
193
178
210
187
297
578
221
285
301
209
714
427
433
374
358
426
294
204
308
528
1146
479
361
317
173
1230
208
455
203
429
176
489
340
201
178
251
809
302
335
288
258
177
241
172
181
637
1002
218
297
343
226
223
1097
298
240
271
294
345
556
382
384
315
171
202
241
246
175
280
249
236
171
174
724
1165
279
465
540
199
188
223
275
286
325
191
288
186
242
243
185
278
554
190
219
253
319
518
448
174
175
239
216
213
282
334
171
171
242
296
472
279
1545
480
263
730
196
171
179
257
205
186
350
186
240
171
225
327
240
262
830
936
198
262
194
182
178
197
392
641
542
323
466
210
416
195
171
171
241
194
171
399
211
252
432
195
354
171
263
362
407
201
366
179
189
283
1101
328
543
318
339
1457
1662
1017
882
1209
349
180
171
242
206
280
1408
392
573
201
222
495
499
1803
416
171
240
271
171
734
506
497
219
197
260
376
180
401
570
307
385
257
181
222
193
231
242
259
227
271
203
916
202
181
185
333
317
218
698
195
440
181
224
309
500
200
171
326
512
196
222
237
358
512
248
171
713
232
370
199
281
294
406
254
256
312
171
241
323
263
243
229
171
251
196
338
552
433
177
414
492
220
343
334
245
216
212
265
247
272
182
330
264
218
324
192
447
171
171
203
262
265
242
419
187
246
274
314
229
360
225
216
226
229
209
337
220
482
570
368
305
172
175
187
216
192
237
366
235
392
280
198
839
295
198
293
254
1113
183
398
574
701
847
193
258
887
517
676
171
187
383
277
412
346
171
172
272
286
230
1265
638
319
492
218
211
296
284
181
304
247
289
172
171
211
842
236
899
319
197
171
211
858
229
397
397
264
281
251
212
229
171
375
171
283
787
171
311
222
352
393
453
588
295
196
239
340
333
239
171
192
362
377
230
186
245
171
211
229
218
190
184
909
176
184
206
296
216
317
373
781
1047
468
199
346
318
221
249
171
185
174
245
224
1041
418
729
489
174
1457
283
228
205
191
678
185
241
239
302
256
405
175
289
563
260
179
191
240
203
639
178
507
249
385
234
833
472
486
217
357
437
207
192
357
310
171
251
287
359
177
175
260
202
183
189
991
285
240
320
198
244
258
381
808
482
706
518
298
233
438
299
181
180
390
179
312
1281
497
638
1238
174
212
566
364
174
171
270
175
374
238
311
316
754
225
182
342
524
335
193
406
284
249
171
303
467
697
271
264
182
589
252
262
207
171
287
234
238
394
211
300
576
883
171
281
257
440
256
339
294
172
201
371
292
171
424
583
257
189
230
292
171
288
212
226
203
172
271
171
186
681
208
212
199
524
405
471
188
287
375
606
366
437
559
535
331
473
189
239
846
208
838
195
987
616
416
227
496
324
367
203
187
1155
369
1643
288
815
171
276
326
295
753
1513
201
382
515
191
250
256
211
188
763
321
234
201
952
542
236
171
344
186
292
171
371
345
189
445
218
375
181
331
259
243
193
180
411
187
364
418
303
229
171
274
206
371
209
1773
346
360
468
221
617
793
193
559
183
1186
319
216
313
282
237
276
874
388
176
372
181
185
364
358
577
195
381
171
171
353
171
275
264
231
380
306
187
296
247
218
245
171
330
221
253
171
272
175
555
267
495
667
432
2251
192
372
184
190
195
190
342
171
216
268
193
254
281
195
238
171
178
243
357
756
339
1090
376
172
292
274
606
541
188
696
928
375
332
911
299
309
188
241
505
473
679
238
182
289
357
206
587
722
415
285
577
343
714
389
193
198
316
353
334
241
556
192
200
912
588
302
416
469
553
223
560
744
177
171
315
368
589
181
183
318
367
303
260
342
241
256
602
223
226
300
287
331
355
458
275
363
223
311
179
174
203
186
205
280
225
1148
312
476
284
422
822
775
204
418
672
739
171
177
299
421
190
316
325
317
176
171
171
1040
407
249
171
949
860
868
205
214
1259
602
347
208
240
748
190
552
186
174
174
186
243
171
1093
265
279
265
268
285
464
489
1146
266
203
442
2343
368
446
330
1142
399
253
230
799
1413
632
551
1774
2087
322
1581
960
459
228
1409
792
262
486
1212
210
182
344
202
423
537
289
490
965
333
171
245
267
275
171
172
2647
599
310
172
255
1101
950
310
314
278
402
196
279
480
541
289
171
195
1391
224
1103
700
171
281
294
281
371
692
232
260
184
178
191
178
235
217
279
353
195
245
228
306
314
286
342
171
471
278
294
197
191
344
550
272
513
676
542
228
298
444
207
221
527
348
253
645
950
362
193
16571
376
253
189
171
178
228
191
603
361
264
215
305
226
516
210
216
240
262
304
206
171
229
261
1636
181
724
829
233
298
384
424
607
313
413
375
269
182
274
273
656
171
734
221
272
171
232
272
316
171
171
767
220
256
219
212
468
258
174
171
455
239
171
257
346
363
179
192
171
480
171
232
302
217
204
181
597
288
416
190
199
185
171
204
450
181
201
184
190
181
223
171
171
231
240
185
247
197
788
192
322
468
573
362
195
330
247
269
202
171
258
173
371
287
200
239
178
267
180
322
721
210
572
350
186
280
212
193
212
312
210
183
507
318
385
175
291
326
331
235
174
231
198
288
173
178
201
273
334
738
1185
479
457
225
1064
171
344
181
176
347
229
202
210
171
209
184
296
236
176
1006
318
203
303
324
222
190
227
218
365
383
176
195
328
220
511
238
171
171
176
542
279
171
313
257
171
171
451
173
194
396
273
171
185
236
336
665
186
302
239
248
211
569
255
212
171
291
211
175
171
249
640
542
181
195
171
171
407
283
614
235
351
551
611
231
175
228
300
187
298
358
387
269
816
171
185
520
382
543
208
310
414
263
173
171
459
495
204
460
310
211
198
209
309
178
