291
480
175
280
331
305
184
349
398
382
303
602
305
350
240
269
330
410
506
264
277
271
419
228
631
351
1448
212
181
1100
362
424
724
283
186
305
328
292
282
314
272
272
358
711
184
258
434
279
350
282
275
287
305
241
284
366
283
280
284
266
174
306
260
823
1770
944
295
279
1162
1066
405
662
289
265
294
573
1198
215
221
485
1956
2126
477
4815
1527
849
400
647
562
194
430
304
294
324
381
1571
394
537
1064
181
307
282
520
398
278
572
322
301
842
455
3755
254
289
739
360
476
273
206
259
399
173
931
292
258
261
173
251
188
268
266
256
299
291
266
267
275
698
575
250
410
410
462
445
261
430
263
421
334
448
288
333
254
311
259
178
173
173
276
198
257
223
315
635
855
176
207
287
270
272
276
271
292
270
286
270
286
279
284
230
277
263
242
173
173
309
173
241
574
266
348
276
193
489
181
173
266
260
639
273
306
391
301
173
194
278
229
268
299
315
240
268
404
2304
292
282
179
278
258
292
253
269
255
2039
758
4632
722
1493
521
276
2579
806
1341
587
372
315
250
253
661
262
445
391
932
643
425
271
234
259
284
297
243
575
173
439
382
251
420
1876
4557
1653
786
3030
3110
224
313
232
676
225
173
184
282
786
421
534
248
423
807
3283
265
297
236
241
979
173
494
281
209
173
173
257
1578
1074
283
773
2279
444
531
270
764
272
279
243
236
266
198
508
490
188
243
957
348
175
277
407
173
276
272
281
300
501
276
282
998
2037
366
937
293
973
282
285
187
396
295
720
305
276
203
443
291
1746
2177
858
3807
1513
1697
1558
2309
2165
3765
276
304
229
844
475
1504
258
1539
347
173
488
173
338
173
356
285
279
739
288
246
387
284
173
294
1009
204
261
230
269
279
278
280
392
246
325
278
231
277
281
419
255
173
282
405
405
173
235
229
230
1251
750
186
278
409
271
280
231
223
277
348
387
183
173
923
315
199
380
388
173
279
287
179
2172
772
214
2400
445
769
595
1320
601
332
2198
656
536
627
185
285
241
2788
173
327
561
295
279
276
794
618
263
456
355
466
1512
253
400
1098
765
820
598
324
207
361
522
376
178
241
289
397
897
635
1232
468
499
253
402
314
515
857
740
350
1081
761
327
434
699
261
299
544
304
851
341
836
925
2137
670
1420
764
652
511
212
560
928
735
787
680
173
245
1474
279
1031
313
289
260
244
211
299
353
385
173
270
268
725
415
185
438
173
210
1775
297
386
389
297
281
315
260
265
347
237
297
281
264
344
173
298
173
233
823
4002
586
290
315
201
451
355
181
243
192
467
173
308
254
276
260
293
262
330
986
542
285
283
182
477
273
248
306
173
232
187
282
352
982
361
275
274
266
320
240
346
253
4206
183
394
210
756
279
286
266
288
283
273
229
288
247
259
173
392
286
390
233
240
401
438
198
293
232
265
520
667
297
487
288
402
349
463
478
264
257
286
431
200
257
354
319
449
416
281
277
262
207
253
184
407
316
229
280
203
828
237
613
183
286
264
292
262
270
281
201
374
414
237
386
703
183
185
632
275
281
509
306
579
187
390
333
297
313
662
231
177
358
266
703
661
173
303
285
289
297
300
205
453
275
263
521
273
462
216
281
294
303
300
493
296
173
365
394
322
623
628
485
305
196
228
179
246
177
251
302
460
266
262
289
2419
3405
3027
3532
424
906
5141
656
471
235
927
267
316
295
284
775
353
292
284
228
613
271
294
287
266
500
327
583
221
290
241
282
269
358
783
190
796
224
247
999
1480
483
1005
390
603
656
5218
590
626
531
2242
483
1037
1406
341
593
691
800
282
565
292
312
957
324
231
262
465
219
238
320
285
256
353
240
247
373
273
262
183
283
309
282
291
15000
269
664
594
277
294
539
474
961
376
298
312
838
368
253
685
464
1068
503
994
337
422
439
464
849
252
581
692
245
668
212
300
335
259
425
529
665
1176
409
752
234
242
255
332
259
280
280
281
176
179
277
243
274
873
429
601
2036
276
493
263
272
381
301
266
291
273
281
297
266
484
356
225
287
280
217
305
291
323
276
334
296
265
272
274
292
285
282
361
348
284
220
286
515
290
274
286
296
646
338
743
274
290
270
174
326
186
271
345
264
354
934
688
228
519
216
596
899
943
361
318
422
281
516
639
561
241
205
257
713
333
178
278
559
219
573
406
470
1281
209
441
1217
204
567
228
670
210
211
840
1056
231
387
183
760
1225
353
438
244
232
187
388
467
233
302
362
732
332
899
337
359
304
307
1137
298
436
760
373
320
393
401
361
240
186
311
303
827
258
1063
199
382
349
387
343
420
275
313
302
295
293
272
317
303
314
307
303
272
461
278
632
461
1681
459
1501
505
269
1099
350
626
301
203
348
282
198
326
310
241
573
283
264
261
191
231
189
287
221
298
470
350
282
250
446
186
210
589
302
224
273
287
295
186
281
211
277
584
313
576
319
477
436
186
187
312
309
607
314
366
312
312
259
285
309
314
296
234
290
832
279
246
620
298
309
693
297
460
315
274
313
532
467
322
622
296
408
206
318
331
335
311
430
317
304
392
305
295
571
189
449
448
708
1451
2400
933
352
303
1177
1203
853
1759
729
940
815
563
450
248
298
1142
477
203
488
2438
1605
464
4826
1619
648
386
555
429
334
317
306
329
335
1546
571
1072
1271
323
1746
303
517
342
304
762
459
3690
186
232
264
298
296
250
258
425
493
191
187
260
302
231
268
262
313
189
1022
300
435
247
273
282
306
305
272
306
355
360
350
289
186
290
300
297
300
307
284
329
573
712
458
232
289
420
325
458
760
188
400
229
395
1040
730
231
352
289
296
244
232
235
246
336
198
186
265
186
332
186
229
308
282
504
257
308
292
460
497
297
325
272
281
631
257
225
296
324
301
286
239
293
288
307
294
365
368
453
331
438
186
344
329
186
186
466
186
327
186
197
447
421
643
377
216
307
259
230
211
186
378
772
305
186
269
317
487
186
346
327
320
966
315
267
188
1144
673
285
186
196
901
975
317
448
205
375
327
632
492
587
314
296
519
344
291
400
270
280
281
254
404
346
254
242
2466
522
231
582
295
288
218
353
289
260
456
319
310
281
10946
1609
3752
2590
2910
207
838
254
1389
731
2030
738
2406
2642
2551
542
303
290
280
402
186
300
186
395
203
318
269
198
255
279
210
271
225
290
304
285
335
1387
317
3941
1633
692
1095
388
639
3144
188
363
1057
408
366
229
214
348
192
371
746
497
208
190
217
242
710
272
517
678
486
289
700
198
186
228
411
542
187
1503
546
433
1064
579
447
1542
186
271
214
319
318
635
186
816
264
202
309
374
521
313
477
534
408
1552
968
286
728
729
339
431
342
292
275
295
293
281
278
297
301
274
296
186
415
186
220
232
221
303
410
338
477
290
282
301
406
186
268
394
281
306
1215
1364
235
269
235
309
394
225
210
286
305
290
339
284
327
328
682
318
320
1021
1283
474
310
210
1458
386
998
375
819
309
219
1831
405
451
253
401
422
440
1041
1138
1090
444
472
376
318
210
1358
335
797
194
223
376
537
743
380
291
1304
429
443
371
321
197
458
742
317
317
297
298
1210
843
1029
638
987
2544
1450
1670
990
2286
2151
3717
364
288
309
308
250
297
1244
393
276
202
299
484
418
2030
377
186
393
336
186
207
212
407
269
354
186
186
269
421
264
306
282
508
186
186
385
348
370
297
351
303
268
755
287
229
335
319
442
289
299
457
298
278
305
224
526
498
309
1239
891
327
192
358
320
186
201
347
570
260
1043
653
606
290
580
234
868
510
982
764
293
311
291
331
1088
289
327
779
340
204
292
258
260
302
371
341
276
333
815
725
428
308
291
433
296
318
325
275
316
317
320
417
308
602
249
355
219
236
820
348
370
275
560
713
319
394
549
835
459
318
403
186
186
369
541
3093
301
336
299
516
308
299
306
307
339
291
278
284
307
653
355
411
394
340
233
227
447
194
687
297
303
291
298
266
186
197
198
339
192
186
528
2216
210
1179
259
3639
650
578
1618
1193
1012
895
589
543
695
385
326
199
2825
568
779
187
523
419
707
454
374
302
804
239
864
401
493
503
624
2088
464
1124
841
848
789
1157
223
294
751
294
414
267
204
227
234
255
1984
311
716
371
1327
637
1488
582
470
214
342
1178
844
712
1104
793
351
370
191
722
262
333
512
294
351
492
444
503
220
457
1126
413
188
426
316
902
382
484
2593
293
268
201
437
511
327
227
300
285
297
186
204
205
372
203
186
399
199
272
274
331
301
549
277
273
333
252
253
320
232
252
239
275
313
425
272
186
311
319
298
278
321
188
270
275
323
935
196
186
329
246
369
333
669
419
243
209
3913
303
773
206
200
490
886
364
433
298
186
271
334
931
528
1281
329
213
310
343
286
398
431
382
314
285
299
296
276
281
284
302
328
313
232
288
574
248
470
391
1081
466
320
286
231
190
264
284
425
421
446
379
577
468
594
276
404
292
488
254
303
186
210
248
263
486
503
336
287
423
232
645
403
219
377
320
429
260
216
516
264
595
533
695
253
186
297
293
281
291
312
186
300
291
245
284
296
297
1016
1029
461
226
443
300
292
313
304
275
300
294
366
1322
1050
1482
883
7772
330
796
286
354
491
248
195
232
205
576
375
292
186
527
365
306
302
365
385
186
291
219
376
284
229
469
311
304
227
196
354
259
571
259
241
467
290
202
308
353
315
260
265
186
383
473
294
186
319
335
389
282
329
300
253
253
186
628
248
671
373
495
416
301
290
524
342
308
488
299
291
286
445
294
637
768
424
642
600
248
364
283
399
281
897
381
677
487
354
296
209
267
213
384
358
226
289
1373
218
186
669
338
434
494
297
314
300
284
291
291
1868
235
198
298
270
554
303
344
281
239
760
570
349
295
391
320
379
382
266
298
720
310
331
308
292
308
465
267
441
268
498
575
395
643
1169
702
451
260
298
278
241
313
311
326
425
329
351
522
401
291
599
381
281
286
310
218
273
280
464
255
248
280
246
216
247
286
348
16521
467
264
288
281
303
367
337
674
2134
316
488
379
3631
3102
372
309
671
330
397
263
1053
380
369
564
1198
493
391
342
1010
248
616
289
320
262
314
426
298
316
309
322
268
311
288
190
538
346
285
293
269
313
261
327
345
789
287
306
325
373
298
281
279
374
208
252
399
316
489
207
202
371
665
657
189
256
410
267
561
206
1594
219
387
788
395
390
511
319
715
382
488
1079
1464
490
489
424
560
499
447
476
379
186
301
503
449
318
338
566
3388
552
2681
303
494
2017
1046
1450
504
325
187
334
334
466
218
226
344
357
273
437
291
353
263
439
491
998
434
288
364
311
265
259
265
364
486
325
582
263
342
309
308
301
284
340
333
363
312
278
306
318
290
303
14367
270
285
343
683
681
458
217
299
423
312
271
360
534
615
625
275
342
369
331
247
186
254
764
358
206
387
457
449
604
328
228
300
253
249
252
412
319
373
275
339
300
209
290
284
290
308
289
314
261
299
289
287
265
260
233
233
369
252
315
334
390
511
270
274
398
468
404
543
294
301
318
277
306
196
201
204
249
499
414
300
359
434
605
888
697
2060
616
259
524
295
395
224
470
313
187
492
510
503
186
289
325
308
328
304
293
325
281
304
510
306
298
313
327
283
421
552
365
304
353
312
306
289
297
460
311
476
277
296
480
320
373
498
369
328
412
205
308
340
298
542
321
299
307
291
300
301
307
324
328
357
346
320
299
295
499
320
282
312
337
341
305
544
429
337
976
349
521
307
283
362
311
320
744
262
333
253
474
323
323
780
11235
3120
6695
13933
3768
2863
7389
16918
1871
15291
3767
7792
362
290
449
421
329
346
494
218
421
189
306
298
282
517
412
308
269
575
297
318
325
306
353
246
314
664
316
404
327
223
198
249
527
223
333
488
345
283
338
421
314
325
314
305
374
285
204
255
319
327
308
320
385
198
268
415
341
1489
463
358
321
236
455
363
373
208
404
198
291
320
306
328
320
347
517
298
223
273
381
310
234
413
201
198
1664
478
269
275
278
203
202
212
425
318
332
313
317
338
330
338
350
310
321
307
329
199
311
285
308
339
448
671
589
709
224
321
265
218
259
420
217
717
596
213
337
393
353
506
338
321
285
327
293
719
1730
682
410
1914
389
708
367
356
993
549
299
714
295
608
203
359
254
285
505
653
436
378
311
198
302
198
202
375
198
200
579
310
322
310
321
317
323
291
311
255
550
627
245
298
241
199
330
198
198
562
514
412
456
323
310
323
301
297
301
302
216
373
315
336
245
262
198
198
210
198
260
268
471
316
297
269
271
334
295
222
213
378
219
250
287
198
373
198
198
316
198
198
300
335
278
308
253
344
327
234
747
302
327
347
198
308
286
662
340
1407
395
434
251
271
206
1049
446
383
304
412
447
215
336
463
206
297
329
328
343
311
312
216
956
669
550
310
204
356
337
272
298
198
324
299
317
708
441
477
810
302
567
783
292
302
415
860
520
791
454
233
375
413
559
269
558
349
264
621
490
343
346
387
498
234
379
1380
2857
1023
1628
753
766
545
649
432
848
327
335
217
752
606
348
384
199
488
503
1090
269
2280
238
908
1352
650
232
343
529
198
295
334
249
289
253
207
344
228
318
332
324
293
220
1510
517
369
776
410
276
249
876
250
198
318
1072
328
256
1508
278
472
295
244
224
318
279
201
588
344
328
333
274
251
290
249
449
736
603
305
317
362
316
248
253
309
258
368
222
315
284
315
242
342
229
297
404
284
297
319
450
255
840
304
326
332
296
290
519
276
291
270
364
390
262
306
285
399
1093
384
274
246
343
255
291
434
207
329
310
387
945
342
377
733
306
318
299
629
293
802
343
322
272
2015
841
896
408
794
660
655
990
774
775
361
429
257
198
301
321
329
201
753
465
286
204
497
241
345
332
291
290
198
356
283
211
198
298
319
296
313
585
452
344
277
330
275
304
272
347
477
306
284
283
309
1214
269
538
838
266
403
207
407
705
321
234
300
273
399
356
478
833
523
295
267
325
298
435
319
342
283
312
664
322
319
381
258
260
239
419
315
528
306
285
395
265
199
330
217
271
279
198
241
264
315
513
204
247
200
238
812
879
333
373
296
198
236
591
253
648
263
529
449
299
639
419
397
429
632
706
1142
281
333
674
411
375
413
357
790
246
591
810
664
501
320
315
303
364
379
228
220
291
2862
323
318
790
488
370
292
273
350
324
332
294
849
481
336
198
385
536
244
198
203
232
406
876
599
339
626
348
216
251
380
332
287
324
337
347
206
305
304
253
276
248
364
299
267
542
303
261
467
251
266
275
508
297
371
440
332
321
292
302
283
321
198
326
490
378
353
3328
336
298
297
239
236
201
794
779
355
421
473
557
625
335
340
476
225
326
207
298
293
276
307
363
310
284
584
250
349
480
306
225
293
314
315
356
458
345
325
283
316
290
307
813
942
436
301
308
341
283
324
286
391
334
200
198
1005
270
258
324
241
378
205
849
330
198
240
720
471
294
239
198
266
203
382
198
362
198
198
265
238
314
223
435
419
308
472
355
198
270
244
396
307
296
388
198
213
275
198
313
198
403
591
305
224
267
320
198
434
316
198
318
507
198
472
213
307
233
279
524
510
325
422
333
252
198
229
336
206
200
205
466
528
366
198
198
246
245
220
462
365
478
580
312
280
310
224
267
213
922
294
292
468
1002
458
1637
680
497
299
378
251
338
1063
198
263
707
515
341
292
292
294
372
359
300
1388
208
208
262
1144
482
292
379
271
260
290
277
310
198
210
2518
726
272
209
198
280
305
321
205
214
263
198
364
337
198
318
227
256
847
279
324
605
295
201
323
297
349
320
281
283
295
446
437
201
235
401
865
547
282
216
315
337
440
318
230
323
304
329
331
347
343
334
198
459
223
8725
1448
1525
6414
2266
5541
504
9546
6288
251
219
348
333
623
281
320
374
326
514
547
321
321
616
254
331
835
513
349
288
285
330
334
315
931
651
381
1588
597
518
769
622
371
462
308
346
397
420
441
996
314
616
1553
594
292
507
439
305
416
724
334
795
351
202
258
391
232
384
198
747
259
355
503
488
691
404
288
839
970
324
658
367
306
643
219
985
419
580
368
288
317
1430
653
1290
699
227
870
784
198
457
368
241
487
652
564
508
616
304
505
238
1532
2452
6201
4595
1115
5270
533
346
523
200
317
761
344
732
466
307
323
510
336
284
578
292
763
287
295
281
442
198
410
336
501
842
777
291
352
199
658
304
343
546
230
428
288
212
619
2200
382
1546
778
520
357
267
335
391
2141
1501
2020
1282
368
1331
355
438
1909
237
385
230
532
450
217
304
287
333
250
328
275
271
380
315
645
534
304
562
268
323
306
327
309
527
329
344
502
369
225
341
310
310
275
518
466
334
313
332
347
332
302
255
303
440
353
318
283
289
331
328
318
251
578
283
373
330
313
307
315
332
241
763
1598
528
661
347
805
348
323
925
352
792
606
1914
392
755
886
888
542
392
337
447
567
809
767
1261
776
2918
256
627
492
1190
927
396
409
362
902
873
426
1430
288
652
202
215
843
737
432
364
1246
720
780
233
926
554
1536
1996
473
762
2024
970
303
1187
317
392
1320
390
334
285
322
298
311
247
307
284
294
266
279
225
1678
310
744
461
388
321
321
308
183
728
268
254
261
311
408
260
272
269
271
280
277
427
244
524
448
1373
690
181
221
804
727
498
287
479
227
568
1988
310
1114
653
227
1625
370
509
375
613
261
286
275
290
227
255
238
178
426
283
409
275
397
277
276
272
1288
1252
682
330
220
762
192
244
295
431
307
749
777
197
327
218
909
216
548
1763
378
251
278
409
577
971
260
578
297
347
641
368
548
447
280
288
277
190
290
1523
513
303
280
304
289
846
360
223
427
305
268
747
311
408
739
275
776
259
285
487
213
319
306
279
264
348
360
190
441
1221
648
555
935
192
190
253
266
226
825
192
500
251
1225
279
232
938
175
317
258
182
175
353
266
281
257
287
405
266
283
229
222
357
353
253
279
267
207
367
1886
182
207
179
175
356
175
593
175
459
399
533
684
175
707
652
339
305
282
231
276
282
293
221
288
591
479
1110
233
2459
432
284
638
187
1119
477
445
208
296
307
662
338
336
183
577
316
238
467
690
191
244
207
725
193
297
418
740
301
175
696
2631
2318
321
737
391
320
205
1465
769
287
1752
1152
421
363
586
184
353
216
521
191
447
539
774
717
1657
518
749
1236
1066
652
850
502
521
260
224
523
207
308
298
1733
235
220
384
537
504
615
310
201
1126
365
351
331
223
175
288
430
611
175
469
197
343
218
247
374
767
175
251
241
2716
412
355
221
324
191
297
284
315
401
2259
264
293
254
220
595
252
1717
602
268
963
278
719
1018
447
1355
915
793
1232
467
305
314
593
363
679
423
299
242
294
555
265
486
733
322
180
175
234
233
371
275
449
800
290
333
186
207
232
238
175
201
467
190
808
175
275
259
344
203
289
267
684
201
364
422
555
181
303
1323
236
335
437
766
185
431
215
347
276
295
838
226
284
3460
181
1620
611
758
632
610
2861
175
293
318
238
892
328
246
299
332
248
267
401
298
325
374
317
326
365
218
709
194
672
724
479
496
271
641
230
213
387
1495
1354
213
208
188
461
228
693
656
305
521
356
319
647
219
244
939
284
250
691
813
284
303
327
187
484
569
274
1586
175
971
247
222
217
231
674
296
360
304
292
1801
287
233
266
186
350
175
197
227
295
706
182
280
794
195
183
452
209
568
217
303
280
760
339
263
303
237
182
560
609
863
186
580
211
186
194
313
675
258
901
358
961
600
305
282
308
244
225
479
426
467
252
639
222
522
621
381
312
650
365
415
180
477
226
463
403
210
240
553
316
274
360
422
447
214
608
1405
278
248
650
803
276
273
579
287
306
403
302
362
198
450
359
223
297
289
181
964
292
182
309
296
301
240
282
311
274
262
1162
364
180
311
607
1470
235
245
767
276
1555
982
232
1778
1550
235
2209
1223
217
465
264
272
175
214
237
300
298
439
1387
184
602
3222
269
382
211
356
3148
234
357
235
245
196
370
175
326
815
209
306
355
175
339
194
175
175
371
324
232
309
175
421
568
302
192
471
271
223
191
336
191
363
356
312
435
282
233
175
280
263
281
254
276
429
222
311
240
295
176
480
290
292
290
298
331
313
342
689
287
299
962
283
301
223
302
300
395
281
314
274
286
302
286
272
303
1224
502
343
175
256
522
311
386
1272
236
504
218
954
255
989
763
402
276
217
744
1115
209
184
326
281
287
272
290
274
271
289
264
280
829
284
424
483
460
181
272
252
482
752
775
572
280
681
265
2126
276
498
318
325
1898
705
1809
260
423
342
251
225
690
457
447
638
868
180
299
224
1943
290
457
224
231
299
208
206
1108
502
1120
838
383
539
576
815
590
772
469
563
534
571
409
284
244
643
665
723
701
243
178
412
671
193
272
280
834
619
197
459
485
581
1055
334
348
957
796
711
634
321
481
208
267
234
839
175
191
264
281
773
276
420
1312
612
1239
578
468
298
812
506
499
405
458
370
310
1241
405
282
235
383
176
485
2553
356
304
283
241
2428
841
216
388
616
275
175
281
245
488
366
420
557
507
574
1562
234
328
760
395
223
259
245
188
399
357
230
267
344
282
1541
269
227
281
284
1632
337
514
781
407
181
703
442
196
624
533
397
391
322
210
187
276
244
456
587
321
306
175
395
235
307
417
288
349
433
307
295
601
399
579
1373
198
192
348
207
326
186
3928
581
270
345
1090
216
178
265
248
1026
241
337
379
327
262
331
175
436
290
1807
175
306
765
727
273
1486
451
243
264
262
283
264
269
275
270
1054
1015
446
263
284
264
271
273
279
304
220
323
268
204
821
274
175
366
1127
222
758
666
184
499
845
775
230
209
244
314
1133
203
579
414
176
516
191
978
611
732
318
271
260
358
318
386
528
196
334
178
316
815
351
247
286
612
264
198
628
249
667
368
602
272
845
332
228
416
273
407
260
377
274
333
485
326
362
347
771
515
184
313
202
277
191
997
298
1024
505
286
515
423
293
223
277
178
244
397
290
529
1981
310
785
254
175
286
279
469
519
297
276
290
273
262
273
451
270
473
375
295
183
266
419
263
278
294
302
347
195
304
380
299
376
604
329
616
257
1266
372
276
187
234
231
223
377
332
362
251
274
1620
2459
3379
8967
5173
535
258
265
252
885
297
564
804
180
250
310
467
278
238
283
265
191
265
413
330
264
300
342
361
612
1183
307
498
259
291
472
397
367
197
336
631
3417
1166
621
2780
1665
2127
247
2609
479
285
259
348
450
299
355
283
334
560
295
564
296
510
471
215
555
200
440
344
364
263
292
292
457
248
488
488
242
860
249
327
255
1216
576
520
331
612
257
457
282
325
290
286
270
405
284
312
277
268
289
299
284
12102
1965
1156
643
589
313
234
175
1313
310
536
886
1611
283
232
363
317
450
738
433
366
459
216
270
747
283
833
691
295
763
364
435
1196
631
376
522
268
438
274
254
497
276
288
295
243
298
274
295
286
296
265
239
332
289
284
263
240
316
271
321
331
280
286
288
292
338
348
292
282
503
294
294
814
443
333
475
263
278
281
354
250
185
217
263
181
195
303
696
602
261
322
491
286
195
302
338
335
201
284
542
312
300
299
240
286
214
261
623
314
353
317
347
182
314
226
555
297
244
242
311
312
254
262
