307
284
294
266
279
225
1678
310
744
461
388
321
321
308
183
728
268
254
261
311
408
260
272
269
271
280
277
427
244
524
448
1373
690
181
221
804
727
498
287
479
227
568
1988
310
1114
653
227
1625
370
509
375
613
261
286
275
290
227
255
238
178
426
283
409
275
397
277
276
272
1288
1252
682
330
220
762
192
244
295
431
307
749
777
197
327
218
909
216
548
1763
378
251
278
409
577
971
260
578
297
347
641
368
548
447
280
288
277
190
290
1523
513
303
280
304
289
846
360
223
427
305
268
747
311
408
739
275
776
259
285
487
213
319
306
279
264
348
360
190
441
1221
648
555
935
192
190
253
266
226
825
192
500
251
1225
279
232
938
175
317
258
182
175
353
266
281
257
287
405
266
283
229
222
357
353
253
279
267
207
367
1886
182
207
179
175
356
175
593
175
459
399
533
684
175
707
652
339
305
282
231
276
282
293
221
288
591
479
1110
233
2459
432
284
638
187
1119
477
445
208
296
307
662
338
336
183
577
316
238
467
690
191
244
207
725
193
297
418
740
301
175
696
2631
2318
321
737
391
320
205
1465
769
287
1752
1152
421
363
586
184
353
216
521
191
447
539
774
717
1657
518
749
1236
1066
652
850
502
521
260
224
523
207
308
298
1733
235
220
384
537
504
615
310
201
1126
365
351
331
223
175
288
430
611
175
469
197
343
218
247
374
767
175
251
241
2716
412
355
221
324
191
297
284
315
401
2259
264
293
254
220
595
252
1717
602
268
963
278
719
1018
447
1355
915
793
1232
467
305
314
593
363
679
423
299
242
294
555
265
486
733
322
180
175
234
233
371
275
449
800
290
333
186
207
232
238
175
201
467
190
808
175
275
259
344
203
289
267
684
201
364
422
555
181
303
1323
236
335
437
766
185
431
215
347
276
295
838
226
284
3460
181
1620
611
758
632
610
2861
175
293
318
238
892
328
246
299
332
248
267
401
298
325
374
317
326
365
218
709
194
672
724
479
496
271
641
230
213
387
1495
1354
213
208
188
461
228
693
656
305
521
356
319
647
219
244
939
284
250
691
813
284
303
327
187
484
569
274
1586
175
971
247
222
217
231
674
296
360
304
292
1801
287
233
266
186
350
175
197
227
295
706
182
280
794
195
183
452
209
568
217
303
280
760
339
263
303
237
182
560
609
863
186
580
211
186
194
313
675
258
901
358
961
600
305
282
308
244
225
479
426
467
252
639
222
522
621
381
312
650
365
415
180
477
226
463
403
210
240
553
316
274
360
422
447
214
608
1405
278
248
650
803
276
273
579
287
306
403
302
362
198
450
359
223
297
289
181
964
292
182
309
296
301
240
282
311
274
262
1162
364
180
311
607
1470
235
245
767
276
1555
982
232
1778
1550
235
2209
1223
217
465
264
272
175
214
237
300
298
439
1387
184
602
3222
269
382
211
356
3148
234
357
235
245
196
370
175
326
815
209
306
355
175
339
194
175
175
371
324
232
309
175
421
568
302
192
471
271
223
191
336
191
363
356
312
435
282
233
175
280
263
281
254
276
429
222
311
240
295
176
480
290
292
290
298
331
313
342
689
287
299
962
283
301
223
302
300
395
281
314
274
286
302
286
272
303
1224
502
343
175
256
522
311
386
1272
236
504
218
954
255
989
763
402
276
217
744
1115
209
184
326
281
287
272
290
274
271
289
264
280
829
284
424
483
460
181
272
252
482
752
775
572
280
681
265
2126
276
498
318
325
1898
705
1809
260
423
342
251
225
690
457
447
638
868
180
299
224
1943
290
457
224
231
299
208
206
1108
502
1120
838
383
539
576
815
590
772
469
563
534
571
409
284
244
643
665
723
701
243
178
412
671
193
272
280
834
619
197
459
485
581
1055
334
348
957
796
711
634
321
481
208
267
234
839
175
191
264
281
773
276
420
1312
612
1239
578
468
298
812
506
499
405
458
370
310
1241
405
282
235
383
176
485
2553
356
304
283
241
2428
841
216
388
616
275
175
281
245
488
366
420
557
507
574
1562
234
328
760
395
223
259
245
188
399
357
230
267
344
282
1541
269
227
281
284
1632
337
514
781
407
181
703
442
196
624
533
397
391
322
210
187
276
244
456
587
321
306
175
395
235
307
417
288
349
433
307
295
601
399
579
1373
198
192
348
207
326
186
3928
581
270
345
1090
216
178
265
248
1026
241
337
379
327
262
331
175
436
290
1807
175
306
765
727
273
1486
451
243
264
262
283
264
269
275
270
1054
1015
446
263
284
264
271
273
279
304
220
323
268
204
821
274
175
366
1127
222
758
666
184
499
845
775
230
209
244
314
1133
203
579
414
176
516
191
978
611
732
318
271
260
358
318
386
528
196
334
178
316
815
351
247
286
612
264
198
628
249
667
368
602
272
845
332
228
416
273
407
260
377
274
333
485
326
362
347
771
515
184
313
202
277
191
997
298
1024
505
286
515
423
293
223
277
178
244
397
290
529
1981
310
785
254
175
286
279
469
519
297
276
290
273
262
273
451
270
473
375
295
183
266
419
263
278
294
302
347
195
304
380
299
376
604
329
616
257
1266
372
276
187
234
231
223
377
332
362
251
274
1620
2459
3379
8967
5173
535
258
265
252
885
297
564
804
180
250
310
467
278
238
283
265
191
265
413
330
264
300
342
361
612
1183
307
498
259
291
472
397
367
197
336
631
3417
1166
621
2780
1665
2127
247
2609
479
285
259
348
450
299
355
283
334
560
295
564
296
510
471
215
555
200
440
344
364
263
292
292
457
248
488
488
242
860
249
327
255
1216
576
520
331
612
257
457
282
325
290
286
270
405
284
312
277
268
289
299
284
12102
1965
1156
643
589
313
234
175
1313
310
536
886
1611
283
232
363
317
450
738
433
366
459
216
270
747
283
833
691
295
763
364
435
1196
631
376
522
268
438
274
254
497
276
288
295
243
298
274
295
286
296
265
239
332
289
284
263
240
316
271
321
331
280
286
288
292
338
348
292
282
503
294
294
814
443
333
475
263
278
281
354
250
185
217
263
181
195
303
696
602
261
322
491
286
195
302
338
335
201
284
542
312
300
299
240
286
214
261
623
314
353
317
347
182
314
226
555
297
244
242
311
312
254
262
