732
332
899
337
359
304
307
1137
298
436
760
373
320
393
401
361
240
186
311
303
827
258
1063
199
382
349
387
343
420
275
313
302
295
293
272
317
303
314
307
303
272
461
278
632
461
1681
459
1501
505
269
1099
350
626
301
203
348
282
198
326
310
241
573
283
264
261
191
231
189
287
221
298
470
350
282
250
446
186
210
589
302
224
273
287
295
186
281
211
277
584
313
576
319
477
436
186
187
312
309
607
314
366
312
312
259
285
309
314
296
234
290
832
279
246
620
298
309
693
297
460
315
274
313
532
467
322
622
296
408
206
318
331
335
311
430
317
304
392
305
295
571
189
449
448
708
1451
2400
933
352
303
1177
1203
853
1759
729
940
815
563
450
248
298
1142
477
203
488
2438
1605
464
4826
1619
648
386
555
429
334
317
306
329
335
1546
571
1072
1271
323
1746
303
517
342
304
762
459
3690
186
232
264
298
296
250
258
425
493
191
187
260
302
231
268
262
313
189
1022
300
435
247
273
282
306
305
272
306
355
360
350
289
186
290
300
297
300
307
284
329
573
712
458
232
289
420
325
458
760
188
400
229
395
1040
730
231
352
289
296
244
232
235
246
336
198
186
265
186
332
186
229
308
282
504
257
308
292
460
497
297
325
272
281
631
257
225
296
324
301
286
239
293
288
307
294
365
368
453
331
438
186
344
329
186
186
466
186
327
186
197
447
421
643
377
216
307
259
230
211
186
378
772
305
186
269
317
487
186
346
327
320
966
315
267
188
1144
673
285
186
196
901
975
317
448
205
375
327
632
492
587
314
296
519
344
291
400
270
280
281
254
404
346
254
242
2466
522
231
582
295
288
218
353
289
260
456
319
310
281
10946
1609
3752
2590
2910
207
838
254
1389
731
2030
738
2406
2642
2551
542
303
290
280
402
186
300
186
395
203
318
269
198
255
279
210
271
225
290
304
285
335
1387
317
3941
1633
692
1095
388
639
3144
188
363
1057
408
366
229
214
348
192
371
746
497
208
190
217
242
710
272
517
678
486
289
700
198
186
228
411
542
187
1503
546
433
1064
579
447
1542
186
271
214
319
318
635
186
816
264
202
309
374
521
313
477
534
408
1552
968
286
728
729
339
431
342
292
275
295
293
281
278
297
301
274
296
186
415
186
220
232
221
303
410
338
477
290
282
301
406
186
268
394
281
306
1215
1364
235
269
235
309
394
225
210
286
305
290
339
284
327
328
682
318
320
1021
1283
474
310
210
1458
386
998
375
819
309
219
1831
405
451
253
401
422
440
1041
1138
1090
444
472
376
318
210
1358
335
797
194
223
376
537
743
380
291
1304
429
443
371
321
197
458
742
317
317
297
298
1210
843
1029
638
987
2544
1450
1670
990
2286
2151
3717
364
288
309
308
250
297
1244
393
276
202
299
484
418
2030
377
186
393
336
186
207
212
407
269
354
186
186
269
421
264
306
282
508
186
186
385
348
370
297
351
303
268
755
287
229
335
319
442
289
299
457
298
278
305
224
526
498
309
1239
891
327
192
358
320
186
201
347
570
260
1043
653
606
290
580
234
868
510
982
764
293
311
291
331
1088
289
327
779
340
204
292
258
260
302
371
341
276
333
815
725
428
308
291
433
296
318
325
275
316
317
320
417
308
602
249
355
219
236
820
348
370
275
560
713
319
394
549
835
459
318
403
186
186
369
541
3093
301
336
299
516
308
299
306
307
339
291
278
284
307
653
355
411
394
340
233
227
447
194
687
297
303
291
298
266
186
197
198
339
192
186
528
2216
210
1179
259
3639
650
578
1618
1193
1012
895
589
543
695
385
326
199
2825
568
779
187
523
419
707
454
374
302
804
239
864
401
493
503
624
2088
464
1124
841
848
789
1157
223
294
751
294
414
267
204
227
234
255
1984
311
716
371
1327
637
1488
582
470
214
342
1178
844
712
1104
793
351
370
191
722
262
333
512
294
351
492
444
503
220
457
1126
413
188
426
316
902
382
484
2593
293
268
201
437
511
327
227
300
285
297
186
204
205
372
203
186
399
199
272
274
331
301
549
277
273
333
252
253
320
232
252
239
275
313
425
272
186
311
319
298
278
321
188
270
275
323
935
196
186
329
246
369
333
669
419
243
209
3913
303
773
206
200
490
886
364
433
298
186
271
334
931
528
1281
329
213
310
343
286
398
431
382
314
285
299
296
276
281
284
302
328
313
232
288
574
248
470
391
1081
466
320
286
231
190
264
284
425
421
446
379
577
468
594
276
404
292
488
254
303
186
210
248
263
486
503
336
287
423
232
645
403
219
377
320
429
260
216
516
264
595
533
695
253
186
297
293
281
291
312
186
300
291
245
284
296
297
1016
1029
461
226
443
300
292
313
304
275
300
294
366
1322
1050
1482
883
7772
330
796
286
354
491
248
195
232
205
576
375
292
186
527
365
306
302
365
385
186
291
219
376
284
229
469
311
304
227
196
354
259
571
259
241
467
290
202
308
353
315
260
265
186
383
473
294
186
319
335
389
282
329
300
253
253
186
628
248
671
373
495
416
301
290
524
342
308
488
299
291
286
445
294
637
768
424
642
600
248
364
283
399
281
897
381
677
487
354
296
209
267
213
384
358
226
289
1373
218
186
669
338
434
494
297
314
300
284
291
291
1868
235
198
298
270
554
303
344
281
239
760
570
349
295
391
320
379
382
266
298
720
310
331
308
292
308
465
267
441
268
498
575
395
643
1169
702
451
260
298
278
241
313
311
326
425
329
351
522
401
291
599
381
281
286
310
218
273
280
464
255
248
280
246
216
247
286
348
16521
467
264
288
281
303
367
337
674
2134
316
488
379
3631
3102
372
309
671
330
397
263
1053
380
369
564
1198
493
391
342
1010
248
616
289
320
262
314
426
298
316
309
322
268
311
288
190
538
346
285
293
269
313
261
327
345
789
287
306
325
373
298
281
279
374
208
252
399
316
489
207
202
371
665
657
189
256
410
267
561
206
1594
219
387
788
395
390
511
319
715
382
488
1079
1464
490
489
424
560
499
447
476
379
186
301
503
449
318
338
566
3388
552
2681
303
494
2017
1046
1450
504
325
187
334
334
466
218
226
344
357
273
437
291
353
263
439
491
998
434
288
364
311
265
259
265
364
486
325
582
263
342
309
308
301
284
340
333
363
312
278
306
318
290
303
14367
270
285
343
683
681
458
217
299
423
312
271
360
534
615
625
275
342
369
331
247
186
254
764
358
206
387
457
449
604
328
228
300
253
249
252
412
319
373
275
339
300
209
290
284
290
308
289
314
261
299
289
287
265
260
233
233
369
252
315
334
390
511
270
274
398
468
404
543
294
301
318
277
306
196
201
204
249
499
414
300
359
434
605
888
697
2060
616
259
524
295
395
224
470
313
187
492
510
503
186
289
325
308
328
304
293
325
281
304
510
306
298
313
327
283
421
552
365
304
353
312
306
289
297
460
311
476
277
296
480
320
373
498
369
328
412
205
308
340
298
542
321
299
307
291
300
301
307
324
328
357
346
320
299
295
499
320
282
312
337
341
305
544
429
337
976
349
521
307
283
362
311
320
744
262
333
253
474
323
323
780
11235
3120
6695
13933
3768
2863
7389
16918
1871
15291
3767
7792
362
290
449
421
329
346
494
218
421
189
306
298
282
517
412
308
269
