291
480
175
280
331
305
184
349
398
382
303
602
305
350
240
269
330
410
506
264
277
271
419
228
631
351
1448
212
181
1100
362
424
724
283
186
305
328
292
282
314
272
272
358
711
184
258
434
279
350
282
275
287
305
241
284
366
283
280
284
266
174
306
260
823
1770
944
295
279
1162
1066
405
662
289
265
294
573
1198
215
221
485
1956
2126
477
4815
1527
849
400
647
562
194
430
304
294
324
381
1571
394
537
1064
181
307
282
520
398
278
572
322
301
842
455
3755
254
289
739
360
476
273
206
259
399
173
931
292
258
261
173
251
188
268
266
256
299
291
266
267
275
698
575
250
410
410
462
445
261
430
263
421
334
448
288
333
254
311
259
178
173
173
276
198
257
223
315
635
855
176
207
287
270
272
276
271
292
270
286
270
286
279
284
230
277
263
242
173
173
309
173
241
574
266
348
276
193
489
181
173
266
260
639
273
306
391
301
173
194
278
229
268
299
315
240
268
404
2304
292
282
179
278
258
292
253
269
255
2039
758
4632
722
1493
521
276
2579
806
1341
587
372
315
250
253
661
262
445
391
932
643
425
271
234
259
284
297
243
575
173
439
382
251
420
1876
4557
1653
786
3030
3110
224
313
232
676
225
173
184
282
786
421
534
248
423
807
3283
265
297
236
241
979
173
494
281
209
173
173
257
1578
1074
283
773
2279
444
531
270
764
272
279
243
236
266
198
508
490
188
243
957
348
175
277
407
173
276
272
281
300
501
276
282
998
2037
366
937
293
973
282
285
187
396
295
720
305
276
203
443
291
1746
2177
858
3807
1513
1697
1558
2309
2165
3765
276
304
229
844
475
1504
258
1539
347
173
488
173
338
173
356
285
279
739
288
246
387
284
173
294
1009
204
261
230
269
279
278
280
392
246
325
278
231
277
281
419
255
173
282
405
405
173
235
229
230
1251
750
186
278
409
271
280
231
223
277
348
387
183
173
923
315
199
380
388
173
279
287
179
2172
772
214
2400
445
769
595
1320
601
332
2198
656
536
627
185
285
241
2788
173
327
561
295
279
276
794
618
263
456
355
466
1512
253
400
1098
765
820
598
324
207
361
522
376
178
241
289
397
897
635
1232
468
499
253
402
314
515
857
740
350
1081
761
327
434
699
261
299
544
304
851
341
836
925
2137
670
1420
764
652
511
212
560
928
735
787
680
173
245
1474
279
1031
313
289
260
244
211
299
353
385
173
270
268
725
415
185
438
173
210
1775
297
386
389
297
281
315
260
265
347
237
297
281
264
344
173
298
173
233
823
4002
586
290
315
201
451
355
181
243
192
467
173
308
254
276
260
293
262
330
986
542
285
283
182
477
273
248
306
173
232
187
282
352
982
361
275
274
266
320
240
346
253
4206
183
394
210
756
279
286
266
288
283
273
229
288
247
259
173
392
286
390
233
240
401
438
198
293
232
265
520
667
297
487
288
402
349
463
478
264
257
286
431
200
257
354
319
449
416
281
277
262
207
253
184
407
316
229
280
203
828
237
613
183
286
264
292
262
270
281
201
374
414
237
386
703
183
185
632
275
281
509
306
579
187
390
333
297
313
662
231
177
358
266
703
661
173
303
285
289
297
300
205
453
275
263
521
273
462
216
281
294
303
300
493
296
173
365
394
322
623
628
485
305
196
228
179
246
177
251
302
460
266
262
289
2419
3405
3027
3532
424
906
5141
656
471
235
927
267
316
295
284
775
353
292
284
228
613
271
294
287
266
500
327
583
221
290
241
282
269
358
783
190
796
224
247
999
1480
483
1005
390
603
656
5218
590
626
531
2242
483
1037
1406
341
593
691
800
282
565
292
312
957
324
231
262
465
219
238
320
285
256
353
240
247
373
273
262
183
283
309
282
291
15000
269
664
594
277
294
539
474
961
376
298
312
838
368
253
685
464
1068
503
994
337
422
439
464
849
252
581
692
245
668
212
300
335
259
425
529
665
1176
409
752
234
242
255
332
259
280
280
281
176
179
277
243
274
873
429
601
2036
276
493
263
272
381
301
266
291
273
281
297
266
484
356
225
287
280
217
305
291
323
276
334
296
265
272
274
292
285
282
361
348
284
220
286
515
290
274
286
296
646
338
743
274
290
270
174
326
186
271
345
264
354
934
688
228
519
216
596
899
943
361
318
422
281
516
639
561
241
205
257
713
333
178
278
559
219
573
406
470
1281
209
441
1217
204
567
228
670
210
211
840
1056
231
387
183
760
1225
353
438
244
232
187
388
467
233
302
362
