575
297
318
325
306
353
246
314
664
316
404
327
223
198
249
527
223
333
488
345
283
338
421
314
325
314
305
374
285
204
255
319
327
308
320
385
198
268
415
341
1489
463
358
321
236
455
363
373
208
404
198
291
320
306
328
320
347
517
298
223
273
381
310
234
413
201
198
1664
478
269
275
278
203
202
212
425
318
332
313
317
338
330
338
350
310
321
307
329
199
311
285
308
339
448
671
589
709
224
321
265
218
259
420
217
717
596
213
337
393
353
506
338
321
285
327
293
719
1730
682
410
1914
389
708
367
356
993
549
299
714
295
608
203
359
254
285
505
653
436
378
311
198
302
198
202
375
198
200
579
310
322
310
321
317
323
291
311
255
550
627
245
298
241
199
330
198
198
562
514
412
456
323
310
323
301
297
301
302
216
373
315
336
245
262
198
198
210
198
260
268
471
316
297
269
271
334
295
222
213
378
219
250
287
198
373
198
198
316
198
198
300
335
278
308
253
344
327
234
747
302
327
347
198
308
286
662
340
1407
395
434
251
271
206
1049
446
383
304
412
447
215
336
463
206
297
329
328
343
311
312
216
956
669
550
310
204
356
337
272
298
198
324
299
317
708
441
477
810
302
567
783
292
302
415
860
520
791
454
233
375
413
559
269
558
349
264
621
490
343
346
387
498
234
379
1380
2857
1023
1628
753
766
545
649
432
848
327
335
217
752
606
348
384
199
488
503
1090
269
2280
238
908
1352
650
232
343
529
198
295
334
249
289
253
207
344
228
318
332
324
293
220
1510
517
369
776
410
276
249
876
250
198
318
1072
328
256
1508
278
472
295
244
224
318
279
201
588
344
328
333
274
251
290
249
449
736
603
305
317
362
316
248
253
309
258
368
222
315
284
315
242
342
229
297
404
284
297
319
450
255
840
304
326
332
296
290
519
276
291
270
364
390
262
306
285
399
1093
384
274
246
343
255
291
434
207
329
310
387
945
342
377
733
306
318
299
629
293
802
343
322
272
2015
841
896
408
794
660
655
990
774
775
361
429
257
198
301
321
329
201
753
465
286
204
497
241
345
332
291
290
198
356
283
211
198
298
319
296
313
585
452
344
277
330
275
304
272
347
477
306
284
283
309
1214
269
538
838
266
403
207
407
705
321
234
300
273
399
356
478
833
523
295
267
325
298
435
319
342
283
312
664
322
319
381
258
260
239
419
315
528
306
285
395
265
199
330
217
271
279
198
241
264
315
513
204
247
200
238
812
879
333
373
296
198
236
591
253
648
263
529
449
299
639
419
397
429
632
706
1142
281
333
674
411
375
413
357
790
246
591
810
664
501
320
315
303
364
379
228
220
291
2862
323
318
790
488
370
292
273
350
324
332
294
849
481
336
198
385
536
244
198
203
232
406
876
599
339
626
348
216
251
380
332
287
324
337
347
206
305
304
253
276
248
364
299
267
542
303
261
467
251
266
275
508
297
371
440
332
321
292
302
283
321
198
326
490
378
353
3328
336
298
297
239
236
201
794
779
355
421
473
557
625
335
340
476
225
326
207
298
293
276
307
363
310
284
584
250
349
480
306
225
293
314
315
356
458
345
325
283
316
290
307
813
942
436
301
308
341
283
324
286
391
334
200
198
1005
270
258
324
241
378
205
849
330
198
240
720
471
294
239
198
266
203
382
198
362
198
198
265
238
314
223
435
419
308
472
355
198
270
244
396
307
296
388
198
213
275
198
313
198
403
591
305
224
267
320
198
434
316
198
318
507
198
472
213
307
233
279
524
510
325
422
333
252
198
229
336
206
200
205
466
528
366
198
198
246
245
220
462
365
478
580
312
280
310
224
267
213
922
294
292
468
1002
458
1637
680
497
299
378
251
338
1063
198
263
707
515
341
292
292
294
372
359
300
1388
208
208
262
1144
482
292
379
271
260
290
277
310
198
210
2518
726
272
209
198
280
305
321
205
214
263
198
364
337
198
318
227
256
847
279
324
605
295
201
323
297
349
320
281
283
295
446
437
201
235
401
865
547
282
216
315
337
440
318
230
323
304
329
331
347
343
334
198
459
223
8725
1448
1525
6414
2266
5541
504
9546
6288
251
219
348
333
623
281
320
374
326
514
547
321
321
616
254
331
835
513
349
288
285
330
334
315
931
651
381
1588
597
518
769
622
371
462
308
346
397
420
441
996
314
616
1553
594
292
507
439
305
416
724
334
795
351
202
258
391
232
384
198
747
259
355
503
488
691
404
288
839
970
324
658
367
306
643
219
985
419
580
368
288
317
1430
653
1290
699
227
870
784
198
457
368
241
487
652
564
508
616
304
505
238
1532
2452
6201
4595
1115
5270
533
346
523
200
317
761
344
732
466
307
323
510
336
284
578
292
763
287
295
281
442
198
410
336
501
842
777
291
352
199
658
304
343
546
230
428
288
212
619
2200
382
1546
778
520
357
267
335
391
2141
1501
2020
1282
368
1331
355
438
1909
237
385
230
532
450
217
304
287
333
250
328
275
271
380
315
645
534
304
562
268
323
306
327
309
527
329
344
502
369
225
341
310
310
275
518
466
334
313
332
347
332
302
255
303
440
353
318
283
289
331
328
318
251
578
283
373
330
313
307
315
332
241
763
1598
528
661
347
805
348
323
925
352
792
606
1914
392
755
886
888
542
392
337
447
567
809
767
1261
776
2918
256
627
492
1190
927
396
409
362
902
873
426
1430
288
652
202
215
843
737
432
364
1246
720
780
233
926
554
1536
1996
473
762
2024
970
303
1187
317
392
1320
390
334
285
322
298
311
247
