130
78
76
76
76
80
115
118
85
1115
135
119
199
144
105
77
99
94
76
76
134
109
245
529
386
179
124
189
407
414
266
424
169
86
225
315
87
153
130
150
88
77
166
153
216
260
423
109
153
118
120
279
76
283
113
105
342
304
101
131
185
191
87
296
652
78
179
177
309
91
129
102
245
247
118
89
148
125
76
297
137
76
76
106
104
105
129
146
140
116
153
125
525
391
364
154
130
303
128
199
83
225
106
231
142
348
116
110
93
84
86
82
86
90
140
85
85
87
91
86
78
123
88
149
111
146
77
255
109
83
81
117
200
94
272
94
80
89
76
91
76
105
316
173
80
80
138
98
110
136
100
97
108
76
215
118
205
104
95
78
99
132
296
83
78
106
120
116
79
86
105
101
77
297
92
195
245
111
86
76
97
162
108
76
122
90
92
76
142
78
114
87
159
159
82
87
80
96
90
191
124
125
83
121
79
76
126
87
89
218
83
176
83
86
76
76
124
85
80
82
282
76
76
80
129
94
107
81
82
107
138
76
130
234
93
86
168
138
137
93
116
188
138
166
78
91
77
95
77
80
158
80
201
78
121
77
116
84
80
120
83
82
82
132
243
359
299
163
80
161
86
101
119
147
124
122
77
138
78
76
1664
1323
168
164
86
185
147
149
76
170
156
76
81
112
108
159
86
92
983
362
131
106
82
76
81
86
198
213
76
90
76
105
76
76
91
81
150
84
91
119
100
89
147
155
78
92
76
107
192
215
115
76
102
76
242
97
79
111
159
140
160
121
83
210
103
100
123
159
131
141
132
202
190
147
215
207
129
190
266
190
108
96
164
158
133
561
146
167
353
119
89
450
783
345
118
96
91
210
172
181
97
294
301
200
172
255
106
363
255
379
1501
192
181
96
180
120
102
495
138
131
171
906
83
284
141
164
466
231
400
175
79
174
102
476
888
423
327
116
187
278
116
815
293
155
169
142
267
84
154
555
7759
3411
997
8760
1228
815
237
463
239
253
201
76
85
126
310
93
239
221
131
236
168
103
170
237
115
157
169
86
140
171
229
154
138
184
124
152
81
81
222
109
90
91
134
206
112
86
151
84
128
119
88
79
93
149
155
205
121
185
149
348
97
151
173
690
220
130
400
104
144
212
144
395
82
233
81
181
111
177
96
416
107
78
139
92
92
79
136
79
118
125
76
155
149
80
146
79
91
80
76
172
78
78
70
73
130
119
155
1112
83
122
75
170
192
67
68
68
141
144
167
99
171
95
206
84
252
69
293
100
147
71
127
119
108
145
152
85
203
393
98
126
103
69
269
283
291
136
69
162
114
342
89
76
69
73
88
75
90
285
78
96
142
109
236
178
72
204
68
148
95
288
66
121
153
260
149
258
87
143
148
263
67
188
114
119
260
115
538
487
148
69
608
117
257
241
265
328
97
89
169
103
75
334
198
359
97
78
133
70
81
76
133
459
115
76
83
145
201
410
247
601
186
158
99
380
70
88
153
158
382
69
72
119
76
141
113
231
129
85
225
128
101
165
84
102
232
116
68
187
88
155
128
89
96
66
95
106
260
78
112
72
163
134
109
156
128
160
116
74
132
158
74
156
83
80
243
117
67
133
68
223
90
85
119
211
84
262
112
198
180
188
358
186
439
131
166
256
81
238
73
69
69
71
75
66
70
76
144
155
83
200
256
183
131
70
79
84
83
166
108
155
153
98
68
228
89
96
76
104
174
76
74
68
94
138
185
240
84
208
167
105
68
80
164
69
102
144
310
72
128
89
76
218
101
153
96
84
125
151
88
150
271
456
121
67
150
79
69
99
113
126
177
96
69
116
66
151
72
67
140
92
74
116
137
156
244
213
81
78
75
66
3314
166
93
74
453
83
67
81
1018
359
125
123
222
78
143
70
184
292
180
89
78
72
66
83
107
67
66
117
361
78
140
362
70
69
192
88
75
72
66
146
71
93
68
72
153
135
74
156
122
204
107
160
102
176
111
152
133
122
68
775
623
352
75
348
66
71
179
233
637
122
337
202
350
126
264
113
116
154
160
114
73
107
304
66
120
90
90
122
90
77
144
194
290
142
119
115
76
99
82
134
184
135
334
407
92
356
119
174
511
127
198
236
123
699
73
286
197
561
499
123
299
104
67
349
111
163
494
111
292
222
351
100
410
239
222
105
234
734
91
72
132
111
66
94
67
152
78
71
103
69
77
71
200
70
119
64
64
66
135
222
158
1106
69
73
80
124
67
90
63
173
131
133
158
91
159
82
66
249
227
84
137
127
102
139
123
381
64
99
81
81
148
282
287
150
81
162
111
339
109
133
103
90
258
85
212
109
85
139
129
87
89
133
107
131
85
196
282
92
280
92
80
83
227
164
65
112
110
91
158
139
113
151
253
148
256
67
143
65
76
265
147
253
97
75
70
94
133
189
226
93
66
102
64
136
88
83
77
70
123
181
306
134
115
80
168
310
198
108
215
106
224
137
155
110
141
235
113
123
78
400
165
128
289
220
159
81
105
119
170
242
75
448
112
276
103
77
79
238
78
68
92
144
214
79
256
106
207
105
358
181
351
132
172
78
363
71
143
73
181
68
76
101
72
80
117
135
141
66
101
77
88
96
190
64
75
77
64
105
145
136
99
64
231
85
94
65
64
140
177
130
67
87
134
73
83
68
78
302
162
99
69
73
73
73
90
154
317
79
143
90
359
94
75
143
99
149
117
172
84
63
159
275
117
273
119
64
144
81
71
124
170
76
83
66
95
69
128
71
120
67
121
154
160
74
102
124
131
88
135
141
105
63
66
106
67
159
86
114
128
150
75
81
67
65
1662
1320
188
165
83
127
89
290
118
819
351
116
80
139
162
109
265
195
286
196
187
196
64
132
127
88
182
83
88
102
82
74
151
168
77
201
168
75
77
68
75
81
67
143
84
69
63
67
79
92
154
89
115
68
67
82
145
63
73
272
64
128
153
80
266
97
73
148
65
95
185
90
86
111
77
66
72
66
170
67
67
64
66
63
136
65
84
85
147
69
76
117
213
69
101
137
64
237
90
63
307
448
247
82
181
78
140
177
71
92
159
88
66
91
248
368
63
157
362
267
88
137
135
86
328
142
131
145
883
221
96
221
85
115
65
64
161
292
135
203
118
80
202
147
119
71
88
165
70
87
63
219
105
104
72
69
70
133
185
248
329
407
125
355
120
174
511
127
500
96
704
63
268
197
561
506
128
468
67
465
110
162
440
125
461
80
472
113
414
237
228
97
246
737
81
74
123
100
66
77
147
70
109
91
85
146
118
113
69
97
102
118
83
70
128
72
134
139
218
93
151
1001
131
213
164
213
158
70
112
159
71
97
79
132
70
196
147
70
101
135
197
75
203
137
78
175
119
160
201
140
71
180
139
97
175
143
138
74
94
77
180
102
76
123
216
150
71
370
178
101
177
94
114
202
252
139
89
204
95
130
96
153
75
140
99
92
402
97
118
70
152
284
281
134
80
168
112
206
82
79
79
75
78
125
193
76
112
128
102
185
120
227
184
75
102
96
227
72
77
74
288
151
89
118
103
147
243
149
249
139
123
337
89
100
70
89
95
70
70
70
70
86
86
110
140
108
94
118
70
326
96
374
153
785
88
254
127
120
73
264
131
88
200
75
292
109
114
70
93
70
75
218
73
78
155
139
160
160
86
81
70
75
85
106
120
155
224
124
191
91
84
273
125
77
536
477
144
110
297
118
190
84
84
254
320
110
127
159
98
75
73
339
185
359
100
222
181
76
77
137
479
123
77
84
141
210
411
238
718
188
170
71
371
76
153
168
388
82
133
123
230
135
91
225
88
108
98
92
159
90
91
107
112
136
85
197
86
174
131
112
131
89
90
253
74
139
142
150
95
70
74
165
126
125
114
80
133
75
156
77
93
88
205
144
91
130
232
96
114
71
201
148
115
157
186
141
70
70
146
167
127
77
79
117
271
130
89
116
93
121
72
112
101
112
102
396
115
94
82
159
81
197
88
154
200
81
255
110
208
112
182
70
73
88
82
74
102
207
70
150
73
105
193
74
140
163
136
156
86
314
178
115
78
164
73
354
72
126
122
235
124
166
72
87
226
228
111
146
135
230
75
145
77
274
75
121
70
152
85
79
78
71
82
195
97
117
163
157
92
183
99
106
87
110
78
109
82
159
99
167
78
71
122
90
89
114
103
85
95
76
157
81
253
192
94
76
81
75
166
101
150
137
110
229
85
95
76
76
179
178
229
80
131
244
71
208
158
115
78
74
146
106
150
110
71
83
153
89
235
94
147
107
139
130
175
79
159
79
126
119
267
123
147
75
121
86
106
70
141
70
99
70
76
70
77
379
94
149
81
72
105
117
93
83
70
129
364
174
71
85
70
87
76
90
114
103
174
74
129
96
76
138
149
197
85
72
307
73
253
76
70
74
569
100
150
248
76
113
72
76
83
289
75
92
168
252
87
153
84
88
182
163
217
135
159
106
269
183
140
121
74
79
184
78
71
194
73
170
73
71
181
103
73
153
118
71
156
141
232
75
102
181
189
157
74
170
196
159
167
126
149
71
326
105
203
99
141
103
162
80
99
110
184
76
88
77
76
70
74
83
88
93
87
88
71
93
101
91
87
86
128
107
80
91
368
73
113
82
84
89
78
206
161
76
70
74
174
75
109
78
79
125
154
220
78
135
201
103
77
109
127
70
133
150
368
70
70
151
82
70
78
70
87
1287
302
108
1132
176
160
74
112
183
230
80
72
133
73
134
87
73
1000
352
123
72
72
70
71
70
120
82
70
73
109
70
128
131
93
80
75
84
82
190
70
70
146
72
70
85
140
74
70
74
86
269
82
140
160
89
353
112
70
94
71
76
183
72
103
131
152
92
72
425
334
171
542
265
152
368
274
91
88
873
256
360
137
84
84
330
211
282
304
206
330
159
272
351
249
523
1500
182
171
81
193
245
752
432
1308
470
151
491
98
158
205
328
91
74
156
179
70
136
260
103
99
78
163
74
109
384
75
148
70
162
203
246
155
71
113
105
235
78
72
79
140
175
104
70
119
196
418
279
131
981
652
464
90
598
110
89
156
103
236
139
373
634
193
157
141
188
167
89
413
315
99
427
79
168
406
136
72
427
146
135
76
165
137
149
256
178
86
88
222
165
109
86
205
77
90
130
70
134
74
87
70
146
77
86
72
87
79
173
91
166
73
110
74
86
70
77
70
70
70
75
138
181
78
146
71
77
76
71
88
129
81
84
75
146
183
139
78
185
71
85
150
84
70
179
124
321
403
541
109
86
497
126
189
232
88
688
284
173
549
488
110
287
82
346
104
152
489
121
298
82
77
462
106
95
229
235
230
93
222
722
132
112
102
291
170
94
82
106
90
106
128
72
70
102
103
90
137
73
164
72
70
197
72
78
107
127
187
273
73
105
170
91
72
101
267
143
79
118
207
75
71
127
70
83
80
104
123
186
146
70
177
71
112
128
70
211
117
70
70
390
79
261
198
73
341
81
185
94
102
237
82
72
135
217
129
73
95
128
77
82
150
148
80
83
91
311
101
251
75
75
84
292
155
329
187
81
146
123
90
138
225
117
178
187
169
103
117
95
97
148
278
93
94
87
227
263
117
227
231
93
143
77
142
80
160
136
103
154
106
103
103
112
165
79
101
105
177
74
145
321
124
117
251
96
91
74
172
96
139
72
88
173
111
73
97
151
96
96
104
70
94
79
82
73
90
138
70
91
99
89
158
135
168
70
176
185
