130
78
76
76
76
80
115
118
85
1115
135
119
199
144
105
77
99
94
76
76
134
109
245
529
386
179
124
189
407
414
266
424
169
86
225
315
87
153
130
150
88
77
166
153
216
260
423
109
153
118
120
279
76
283
113
105
342
304
101
131
185
191
87
296
652
78
179
177
309
91
129
102
245
247
118
89
148
125
76
297
137
76
76
106
104
105
129
146
140
116
153
125
525
391
364
154
130
303
128
199
83
225
106
231
142
348
116
110
93
84
86
82
86
90
140
85
85
87
91
86
78
123
88
149
111
146
77
255
109
83
81
117
200
94
272
94
80
89
76
91
76
105
316
173
80
80
138
98
110
136
100
97
108
76
215
118
205
104
95
78
99
132
296
83
78
106
120
116
79
86
105
101
77
297
92
195
245
111
86
76
97
162
108
76
122
90
92
76
142
78
114
87
159
159
82
87
80
96
90
191
124
125
83
121
79
76
126
87
89
218
83
176
83
86
76
76
124
85
80
82
282
76
76
80
129
94
107
81
82
107
138
76
130
234
93
86
168
138
137
93
116
188
138
166
78
91
77
95
77
80
158
80
201
78
121
77
116
84
80
120
83
82
82
132
243
359
299
163
80
161
86
101
119
147
124
122
77
138
78
76
1664
1323
168
164
86
185
147
149
76
170
156
76
81
112
108
159
86
92
983
362
131
106
82
76
81
86
198
213
76
90
76
105
76
76
91
81
150
84
91
119
100
89
147
155
78
92
76
107
192
215
115
76
102
76
242
97
79
111
159
140
160
121
83
210
103
100
123
159
131
141
132
202
190
147
215
207
129
190
266
190
108
96
164
158
133
561
146
167
353
119
89
450
783
345
118
96
91
210
172
181
97
294
301
200
172
255
106
363
255
379
1501
192
181
96
180
120
102
495
138
131
171
906
83
284
141
164
466
231
400
175
79
174
102
476
888
423
327
116
187
278
116
815
293
155
169
142
267
84
154
555
7759
3411
997
8760
1228
815
237
463
239
253
201
76
85
126
310
93
239
221
131
236
168
103
170
237
115
157
169
86
140
171
229
154
138
184
124
152
81
81
222
109
90
91
134
206
112
86
151
84
128
119
88
79
93
149
155
205
121
185
149
348
97
151
173
690
220
130
400
104
144
212
144
395
82
233
81
181
111
177
96
416
107
78
139
92
92
79
136
79
118
125
76
155
149
80
146
79
91
80
76
172
78
