200
70
119
64
64
66
135
222
158
1106
69
73
80
124
67
90
63
173
131
133
158
91
159
82
66
249
227
84
137
127
102
139
123
381
64
99
81
81
148
282
287
150
81
162
111
339
109
133
103
90
258
85
212
109
85
139
129
87
89
133
107
131
85
196
282
92
280
92
80
83
227
164
65
112
110
91
158
139
113
151
253
148
256
67
143
65
76
265
147
253
97
75
70
94
133
189
226
93
66
102
64
136
88
83
77
70
123
181
306
134
115
80
168
310
198
108
215
106
224
137
155
110
141
235
113
123
78
400
165
128
289
220
159
81
105
119
170
242
75
448
112
276
103
77
79
238
78
68
92
144
214
79
256
106
207
105
358
181
351
132
172
78
363
71
143
73
181
68
76
101
72
80
117
135
141
66
101
77
88
96
190
64
75
77
64
105
145
136
99
64
231
85
94
65
64
140
177
130
67
87
134
73
83
68
78
302
162
99
69
73
73
73
90
154
317
79
143
90
359
94
75
143
99
149
117
172
84
63
159
275
117
273
119
64
144
81
71
124
170
76
83
66
95
69
128
71
120
67
121
154
160
74
102
124
131
88
135
141
105
63
66
106
67
159
86
114
128
150
75
81
67
65
1662
1320
188
165
83
127
89
290
118
819
351
116
80
139
162
109
265
195
286
196
187
196
64
132
127
88
182
83
88
102
82
74
151
168
77
201
168
75
77
68
75
81
67
143
84
69
63
67
79
92
154
89
115
68
67
82
145
63
73
272
64
128
153
80
266
97
73
148
65
95
185
90
86
111
77
66
72
66
170
67
67
64
66
63
136
65
84
85
147
69
76
117
213
69
101
137
64
237
90
63
307
448
247
82
181
78
140
177
71
92
159
88
66
91
248
368
63
157
362
267
88
137
135
86
328
142
131
145
883
221
96
221
85
115
65
64
161
292
135
203
118
80
202
147
119
71
88
165
70
87
63
219
105
104
72
69
70
133
185
248
329
407
125
355
120
174
511
127
500
96
704
63
268
197
561
506
128
468
67
465
110
162
440
125
461
80
472
113
414
237
228
97
246
737
81
74
123
100
66
77
147
70
109
91
85
146
118
113
69
