78
70
73
130
119
155
1112
83
122
75
170
192
67
68
68
141
144
167
99
171
95
206
84
252
69
293
100
147
71
127
119
108
145
152
85
203
393
98
126
103
69
269
283
291
136
69
162
114
342
89
76
69
73
88
75
90
285
78
96
142
109
236
178
72
204
68
148
95
288
66
121
153
260
149
258
87
143
148
263
67
188
114
119
260
115
538
487
148
69
608
117
257
241
265
328
97
89
169
103
75
334
198
359
97
78
133
70
81
76
133
459
115
76
83
145
201
410
247
601
186
158
99
380
70
88
153
158
382
69
72
119
76
141
113
231
129
85
225
128
101
165
84
102
232
116
68
187
88
155
128
89
96
66
95
106
260
78
112
72
163
134
109
156
128
160
116
74
132
158
74
156
83
80
243
117
67
133
68
223
90
85
119
211
84
262
112
198
180
188
358
186
439
131
166
256
81
238
73
69
69
71
75
66
70
76
144
155
83
200
256
183
131
70
79
84
83
166
108
155
153
98
68
228
89
96
76
104
174
76
74
68
94
138
185
240
84
208
167
105
68
80
164
69
102
144
310
72
128
89
76
218
101
153
96
84
125
151
88
150
271
456
121
67
150
79
69
99
113
126
177
96
69
116
66
151
72
67
140
92
74
116
137
156
244
213
81
78
75
66
3314
166
93
74
453
83
67
81
1018
359
125
123
222
78
143
70
184
292
180
89
78
72
66
83
107
67
66
117
361
78
140
362
70
69
192
88
75
72
66
146
71
93
68
72
153
135
74
156
122
204
107
160
102
176
111
152
133
122
68
775
623
352
75
348
66
71
179
233
637
122
337
202
350
126
264
113
116
154
160
114
73
107
304
66
120
90
90
122
90
77
144
194
290
142
119
115
76
99
82
134
184
135
334
407
92
356
119
174
511
127
198
236
123
699
73
286
197
561
499
123
299
104
67
349
111
163
494
111
292
222
351
100
410
239
222
105
234
734
91
72
132
111
66
94
67
152
78
71
103
69
77
71
