97
102
118
83
70
128
72
134
139
218
93
151
1001
131
213
164
213
158
70
112
159
71
97
79
132
70
196
147
70
101
135
197
75
203
137
78
175
119
160
201
140
71
180
139
97
175
143
138
74
94
77
180
102
76
123
216
150
71
370
178
101
177
94
114
202
252
139
89
204
95
130
96
153
75
140
99
92
402
97
118
70
152
284
281
134
80
168
112
206
82
79
79
75
78
125
193
76
112
128
102
185
120
227
184
75
102
96
227
72
77
74
288
151
89
118
103
147
243
149
249
139
123
337
89
100
70
89
95
70
70
70
70
86
86
110
140
108
94
118
70
326
96
374
153
785
88
254
127
120
73
264
131
88
200
75
292
109
114
70
93
70
75
218
73
78
155
139
160
160
86
81
70
75
85
106
120
155
224
124
191
91
84
273
125
77
536
477
144
110
297
118
190
84
84
254
320
110
127
159
98
75
73
339
185
359
100
222
181
76
77
137
479
123
77
84
141
210
411
238
718
188
170
71
371
76
153
168
388
82
133
123
230
135
91
225
88
108
98
92
159
90
91
107
112
136
85
197
86
174
131
112
131
89
90
253
74
139
142
150
95
70
74
165
126
125
114
80
133
75
156
77
93
88
205
144
91
130
232
96
114
71
201
148
115
157
186
141
70
70
146
167
127
77
79
117
271
130
89
116
93
121
72
112
101
112
102
396
115
94
82
159
81
197
88
154
200
81
255
110
208
112
182
70
73
88
82
74
102
207
70
150
73
105
193
74
140
163
136
156
86
314
178
115
78
164
73
354
72
126
122
235
124
166
72
87
226
228
111
146
135
230
75
145
77
274
75
121
70
152
85
79
78
71
82
195
97
117
163
157
92
183
99
106
87
110
78
109
82
159
99
167
78
71
122
90
89
114
103
85
95
76
157
81
253
192
94
76
81
75
166
101
150
137
110
229
85
95
76
76
179
178
229
80
131
244
71
208
158
115
78
74
146
106
150
110
71
83
153
89
235
94
147
107
139
130
175
79
159
79
126
119
267
123
147
75
121
86
106
70
141
70
99
70
76
70
77
379
94
149
81
72
105
117
93
83
70
129
364
174
71
85
70
87
76
90
114
103
174
74
129
96
76
138
149
197
85
72
307
73
253
76
70
74
569
100
150
248
76
113
72
76
83
289
75
92
168
252
87
153
84
88
182
163
217
135
159
106
269
183
140
121
74
79
184
78
71
194
73
170
73
71
181
103
73
153
118
71
156
141
232
75
102
181
189
157
74
170
196
159
167
126
149
71
326
105
203
99
141
103
162
80
99
110
184
76
88
77
76
70
74
83
88
93
87
88
71
93
101
91
87
86
128
107
80
91
368
73
113
82
84
89
78
206
161
76
70
74
174
75
109
78
79
125
154
220
78
135
201
103
77
109
127
70
133
150
368
70
70
151
82
70
78
70
87
1287
302
108
1132
176
160
74
112
183
230
80
72
133
73
134
87
73
1000
352
123
72
72
70
71
70
120
82
70
73
109
70
128
131
93
80
75
84
82
190
70
70
146
72
70
85
140
74
70
74
86
269
82
140
160
89
353
112
70
94
71
76
183
72
103
131
152
92
72
425
334
171
542
265
152
368
274
91
88
873
256
360
137
84
84
330
211
282
304
206
330
159
272
351
249
523
1500
182
171
81
193
245
752
432
1308
470
151
491
98
158
205
328
91
74
156
179
70
136
260
103
99
78
163
74
109
384
75
148
70
162
203
246
155
71
113
105
235
78
72
79
140
175
104
70
119
196
418
279
131
981
652
464
90
598
110
89
156
103
236
139
373
634
193
157
141
188
167
89
413
315
99
427
79
168
406
136
72
427
146
135
76
165
137
149
256
178
86
88
222
165
109
86
205
77
90
130
70
134
74
87
70
146
77
86
72
87
79
173
91
166
73
110
74
86
70
77
70
70
70
75
138
181
78
146
71
77
76
71
88
129
81
84
75
146
183
139
78
185
71
85
150
84
70
179
124
321
403
541
109
86
497
126
189
232
88
688
284
173
549
488
110
287
82
346
104
152
489
121
298
82
77
462
106
95
229
235
230
93
222
722
132
112
102
291
170
94
82
106
90
106
128
72
70
102
103
90
137
73
164
72
70
197
72
78
107
127
187
273
73
105
170
91
72
101
267
143
79
118
207
75
71
127
70
83
80
104
123
186
146
70
177
71
112
128
70
211
117
70
70
390
79
261
198
73
341
81
185
94
102
237
82
72
135
217
129
73
95
128
77
82
150
148
80
83
91
311
101
251
75
75
84
292
155
329
187
81
146
123
90
138
225
117
178
187
169
103
117
95
97
148
278
93
94
87
227
263
117
227
231
93
143
77
142
80
160
136
103
154
106
103
103
112
165
79
101
105
177
74
145
321
124
117
251
96
91
74
172
96
139
72
88
173
111
73
97
151
96
96
104
70
94
79
82
73
90
138
70
91
99
89
158
135
168
70
176
185
