210
297
241
174
299
302
336
1428
188
220
195
290
176
278
251
507
301
465
225
273
447
236
192
298
202
261
419
258
204
201
477
510
903
243
193
536
423
307
470
267
595
549
299
293
695
265
283
470
604
247
439
394
636
547
178
393
298
285
193
359
1148
295
304
283
305
299
253
282
364
530
316
177
369
320
442
807
408
312
917
306
251
244
186
403
191
453
343
254
419
257
409
328
410
192
193
343
420
173
239
279
320
425
1258
196
288
222
272
515
355
188
1557
658
454
296
292
355
439
175
284
389
276
306
173
446
746
999
799
201
394
568
352
276
267
211
361
682
304
290
173
382
945
273
225
353
585
784
1060
785
287
773
358
247
781
293
424
400
765
583
1344
206
305
554
310
289
526
300
505
660
541
1561
405
235
498
260
445
1020
255
759
293
173
343
451
345
268
380
222
442
329
492
272
390
236
241
377
360
296
176
286
315
297
275
597
300
328
288
725
311
505
365
445
337
316
704
897
542
448
267
307
439
448
1034
491
243
1002
257
783
907
1073
428
385
514
804
608
783
424
300
200
622
284
360
291
327
857
381
173
311
331
225
335
173
311
175
278
612
256
250
628
260
244
420
186
182
231
476
487
178
555
793
606
632
414
225
684
272
459
359
183
285
259
335
351
225
450
185
210
360
853
267
270
176
322
320
185
297
267
383
260
178
291
830
334
294
345
252
240
224
315
228
428
275
329
234
250
291
316
278
286
225
219
278
332
586
367
433
431
179
229
199
173
180
177
674
236
359
261
257
225
3656
285
442
216
175
256
1275
1100
498
426
177
176
269
310
208
244
511
661
282
279
175
174
346
371
183
217
232
265
247
227
399
294
185
222
189
271
173
173
332
176
267
175
653
283
289
174
445
500
453
299
296
203
331
369
299
202
448
260
532
296
834
230
173
1908
253
854
778
304
300
3259
289
245
506
682
1766
366
841
179
638
301
288
311
283
265
485
199
207
277
261
360
201
184
212
597
193
300
362
219
523
458
616
225
876
2585
961
193
263
230
277
309
225
198
308
937
273
503
438
231
251
275
322
212
206
275
299
384
4196
3769
2557
1306
1133
762
266
486
325
258
338
230
182
321
174
350
227
196
301
351
289
384
401
256
291
778
187
430
258
184
266
343
353
279
328
203
202
255
218
345
290
394
185
301
353
259
195
223
231
262
292
454
270
173
177
227
408
239
243
325
197
208
241
297
207
270
194
329
226
202
191
302
1373
364
256
186
201
241
202
186
455
429
234
286
291
307
186
216
685
429
431
291
367
473
566
192
294
1169
231
195
520
306
386
406
229
346
309
384
543
814
256
187
493
292
284
459
358
490
313
311
479
306
435
301
458
591
416
378
544
193
315
395
278
299
194
315
610
236
435
296
426
787
431
899
212
233
191
186
203
450
461
390
385
215
464
350
274
221
217
186
276
186
416
418
275
747
285
246
402
186
513
479
194
368
422
1256
4727
4723
1141
375
775
1176
900
647
326
470
770
1027
806
1415
189
198
825
859
314
478
412
1291
722
1681
479
1337
417
187
2454
516
236
264
200
279
284
191
238
228
390
258
644
188
516
342
452
226
270
626
443
1205
337
302
288
338
195
288
352
197
248
560
529
187
224
400
392
426
786
571
300
314
368
501
509
269
195
469
211
397
194
432
277
587
303
331
208
214
613
258
343
192
454
226
186
255
474
313
398
382
454
301
201
210
315
192
315
465
317
804
304
194
775
399
421
235
385
408
269
236
558
269
578
453
277
757
200
199
302
326
525
345
736
267
315
314
464
196
188
644
318
452
300
394
325
276
277
292
305
895
387
274
279
466
441
1104
450
981
245
701
891
403
550
425
369
457
282
344
670
525
371
341
254
458
363
189
186
395
509
186
449
282
219
211
334
196
186
1034
458
188
242
414
313
296
211
349
254
186
236
222
189
186
606
294
186
356
281
334
635
299
195
673
421
243
277
344
761
694
186
632
570
506
190
251
467
375
258
605
567
440
645
1290
473
190
396
321
196
204
323
365
394
403
228
486
288
452
442
876
359
335
190
475
701
271
196
223
355
186
358
697
679
217
199
333
196
335
227
191
342
504
334
201
439
257
194
195
222
323
453
639
535
905
467
203
186
193
197
304
195
249
219
223
306
489
202
3394
399
293
186
253
311
239
587
217
192
289
211
188
287
197
199
211
231
328
1005
452
194
340
339
295
491
209
457
243
486
561
233
226
599
435
219
433
1157
560
774
186
206
252
186
186
269
225
522
651
216
210
385
347
193
310
317
397
220
225
471
376
207
352
840
294
215
186
203
275
459
287
479
187
235
442
375
255
374
197
246
258
586
3341
614
1534
272
683
539
424
1517
5332
397
1300
333
280
224
238
380
254
499
412
707
240
543
499
901
207
435
381
206
377
186
187
373
188
235
201
527
253
204
288
186
199
194
190
309
539
189
366
194
197
593
246
361
399
227
301
193
510
1620
482
284
305
413
963
233
551
613
217
392
581
392
210
264
325
290
2304
806
3042
1445
920
1508
1208
1082
737
291
556
207
350
256
213
339
217
366
227
311
333
310
393
418
389
186
189
316
304
189
692
1124
2618
451
1834
1093
511
1046
371
1164
1650
1009
3090
448
969
294
1053
1081
1246
445
779
816
582
1113
291
2801
444
2807
3192
187
2442
329
2858
1200
2072
471
2395
811
2516
195
1498
478
911
282
603
4021
1421
1391
210
972
456
367
1057
1054
4572
1660
470
926
399
1031
3199
296
1069
4059
1642
544
254
318
377
196
245
307
224
200
198
198
849
220
229
208
828
282
279
199
225
485
248
201
258
399
651
252
491
277
590
286
283
242
224
198
200
244
279
242
225
198
204
282
279
253
591
198
216
286
284
300
204
202
204
567
403
415
294
500
553
497
763
678
201
535
441
420
698
216
308
211
239
244
269
265
198
198
607
249
283
211
220
435
225
199
381
335
279
250
207
588
345
208
223
239
332
275
210
207
334
244
209
282
198
442
243
236
351
322
429
676
257
222
205
209
362
316
299
1004
432
1257
213
341
362
286
219
326
274
917
198
872
221
247
198
361
202
198
222
378
210
198
204
413
219
219
249
203
268
211
996
569
304
330
219
257
233
205
287
584
556
1671
1403
493
406
530
371
809
310
1072
435
1635
431
373
345
539
800
214
844
242
586
402
1191
433
391
482
254
450
987
991
1714
1249
268
497
1186
385
309
309
575
489
528
275
247
503
201
272
232
216
757
240
253
205
249
377
357
248
262
316
240
281
201
309
221
449
218
548
357
304
252
218
221
2217
1571
321
465
561
3280
209
3122
925
429
385
229
280
504
201
199
505
387
311
372
381
875
748
512
221
338
422
343
537
225
603
431
307
402
561
209
456
481
198
203
431
533
212
241
211
293
240
204
332
643
437
419
884
630
305
244
290
422
384
326
305
294
199
309
262
386
330
207
409
314
410
237
337
545
264
486
420
200
413
296
268
373
213
419
203
215
257
521
311
345
334
515
241
198
248
304
211
296
183
508
699
299
188
202
1364
367
290
498
477
283
365
1602
175
262
1035
218
361
300
224
201
283
208
185
273
182
175
246
399
211
214
236
271
256
213
240
291
390
356
540
227
183
283
391
220
283
185
400
625
990
176
554
383
221
243
697
329
218
200
222
346
344
227
175
243
637
442
175
332
237
194
515
626
315
285
235
240
433
263
819
882
210
247
216
349
218
652
374
531
514
243
340
263
243
704
309
230
1242
330
221
243
512
199
352
600
794
401
189
322
184
338
175
229
640
393
237
175
227
184
647
224
208
470
293
880
443
246
175
175
248
210
252
319
239
211
360
212
244
581
421
1070
289
400
372
333
207
180
235
537
485
469
322
333
365
500
430
682
503
785
311
289
322
295
277
417
197
361
727
220
398
176
199
779
177
269
190
200
352
330
255
1294
207
202
198
247
190
351
266
221
341
212
387
216
405
212
564
184
177
806
199
867
316
175
283
285
176
210
268
278
193
175
203
990
680
189
218
283
283
476
685
318
280
328
303
366
482
373
194
297
297
250
1278
228
278
223
175
298
175
480
488
317
180
256
181
261
335
229
432
214
348
298
532
290
175
186
627
179
464
298
255
317
194
245
262
272
282
392
345
442
290
281
313
279
183
370
277
351
182
179
237
377
271
218
239
256
192
255
504
313
278
719
215
426
848
286
482
314
325
207
284
384
175
192
175
215
192
3120
207
2503
198
197
578
199
294
319
175
424
275
291
273
519
204
382
178
619
495
246
372
202
411
482
389
175
197
335
374
358
206
370
209
373
195
436
559
223
379
298
472
988
700
479
375
175
212
619
178
175
205
175
1148
191
271
276
368
438
192
460
452
201
367
458
331
354
276
628
261
388
187
180
187
360
239
468
356
186
720
178
182
321
600
348
199
218
211
272
249
219
179
255
325
175
188
477
290
358
195
321
213
1057
396
490
203
246
214
289
354
205
559
189
353
500
698
213
314
515
946
581
277
383
407
177
214
309
267
219
421
237
234
211
177
285
228
175
265
576
214
713
300
180
3361
214
344
353
482
238
328
290
292
293
194
569
665
326
236
233
184
255
1004
439
198
177
785
735
267
184
587
310
197
439
240
253
188
397
215
203
717
598
224
234
212
328
175
511
658
355
353
178
218
341
229
213
288
304
175
210
235
179
282
463
1007
482
264
437
315
240
368
295
178
588
247
253
178
357
356
613
463
272
544
314
767
275
201
1995
276
752
615
284
336
479
3397
492
341
505
3381
1492
416
295
212
290
279
208
283
280
448
365
352
314
285
3393
225
191
544
256
538
495
1200
572
282
280
879
203
627
237
517
377
965
379
402
339
236
233
338
285
205
247
253
183
315
450
305
284
375
209
304
278
667
439
1013
744
633
2154
423
594
904
532
591
555
446
1079
739
263
182
635
275
369
707
529
416
332
1588
447
181
233
175
185
178
308
256
494
361
270
246
182
262
270
237
290
326
178
251
182
255
309
236
264
273
280
190
285
204
207
