296
183
508
699
299
188
202
1364
367
290
498
477
283
365
1602
175
262
1035
218
361
300
224
201
283
208
185
273
182
175
246
399
211
214
236
271
256
213
240
291
390
356
540
227
183
283
391
220
283
185
400
625
990
176
554
383
221
243
697
329
218
200
222
346
344
227
175
243
637
442
175
332
237
194
515
626
315
285
235
240
433
263
819
882
210
247
216
349
218
652
374
531
514
243
340
263
243
704
309
230
1242
330
221
243
512
199
352
600
794
401
189
322
184
338
175
229
640
393
237
175
227
184
647
224
208
470
293
880
443
246
175
175
248
210
252
319
239
211
360
212
244
581
421
1070
289
400
372
333
207
180
235
537
485
469
322
333
365
500
430
682
503
785
311
289
322
295
277
417
197
361
727
220
398
176
199
779
177
269
190
200
352
330
255
1294
207
202
198
247
190
351
266
221
341
212
387
216
405
212
564
184
177
806
199
867
316
175
283
285
176
210
268
278
193
175
203
990
680
189
218
283
283
476
685
318
280
328
303
366
482
373
194
297
297
250
1278
228
278
223
175
298
175
480
488
317
180
256
181
261
335
229
432
214
348
298
532
290
175
186
627
179
464
298
255
317
194
245
262
272
282
392
345
442
290
281
313
279
183
370
277
351
182
179
237
377
271
218
239
256
192
255
504
313
278
719
215
426
848
286
482
314
325
207
284
384
175
192
175
215
192
3120
207
2503
198
197
578
199
294
319
175
424
275
291
273
519
204
382
178
619
495
246
372
202
411
482
389
175
197
335
374
358
206
370
209
373
195
436
559
223
379
298
472
988
700
479
375
175
212
619
178
175
205
175
1148
191
271
276
368
438
192
460
452
201
367
458
331
354
276
628
261
388
187
180
187
360
239
468
356
186
720
178
182
321
600
348
199
218
211
272
249
219
179
255
325
175
188
477
290
358
195
321
213
1057
396
490
203
246
214
289
354
205
559
189
353
500
698
213
314
515
946
581
277
383
407
177
214
309
267
219
421
237
234
211
177
285
228
175
265
576
214
713
300
180
3361
214
344
353
482
238
328
290
292
293
194
569
665
326
236
233
184
255
1004
439
198
177
785
735
267
184
587
310
197
439
240
253
188
397
215
203
717
598
224
234
212
328
175
511
658
355
353
178
218
341
229
213
288
304
175
210
235
179
282
463
1007
482
264
437
315
240
368
295
178
588
247
253
178
357
356
613
463
272
544
314
767
275
201
1995
276
752
615
284
336
479
3397
492
341
505
3381
1492
416
295
212
290
279
208
283
280
448
365
352
314
285
3393
225
191
544
256
538
495
1200
572
282
280
879
203
627
237
517
377
965
379
402
339
236
233
338
285
205
247
253
183
315
450
305
284
375
209
304
278
667
439
1013
744
633
2154
423
594
904
532
591
555
446
1079
739
263
182
635
275
369
707
529
416
332
1588
447
181
233
175
185
178
308
256
494
361
270
246
182
262
270
237
290
326
178
251
182
255
309
236
264
273
280
190
285
204
207
