239
243
325
197
208
241
297
207
270
194
329
226
202
191
302
1373
364
256
186
201
241
202
186
455
429
234
286
291
307
186
216
685
429
431
291
367
473
566
192
294
1169
231
195
520
306
386
406
229
346
309
384
543
814
256
187
493
292
284
459
358
490
313
311
479
306
435
301
458
591
416
378
544
193
315
395
278
299
194
315
610
236
435
296
426
787
431
899
212
233
191
186
203
450
461
390
385
215
464
350
274
221
217
186
276
186
416
418
275
747
285
246
402
186
513
479
194
368
422
1256
4727
4723
1141
375
775
1176
900
647
326
470
770
1027
806
1415
189
198
825
859
314
478
412
1291
722
1681
479
1337
417
187
2454
516
236
264
200
279
284
191
238
228
390
258
644
188
516
342
452
226
270
626
443
1205
337
302
288
338
195
288
352
197
248
560
529
187
224
400
392
426
786
571
300
314
368
501
509
269
195
469
211
397
194
432
277
587
303
331
208
214
613
258
343
192
454
226
186
255
474
313
398
382
454
301
201
210
315
192
315
465
317
804
304
194
775
399
421
235
385
408
269
236
558
269
578
453
277
757
200
199
302
326
525
345
736
267
315
314
464
196
188
644
318
452
300
394
325
276
277
292
305
895
387
274
279
466
441
1104
450
981
245
701
891
403
550
425
369
457
282
344
670
525
371
341
254
458
363
189
186
395
509
186
449
282
219
211
334
196
186
1034
458
188
242
414
313
296
211
349
254
186
236
222
189
186
606
294
186
356
281
334
635
299
195
673
421
243
277
344
761
694
186
632
570
506
190
251
467
375
258
605
567
440
645
1290
473
190
396
321
196
204
323
365
394
403
228
486
288
452
442
876
359
335
190
475
701
271
196
223
355
186
358
697
679
217
199
333
196
335
227
191
342
504
334
201
439
257
194
195
222
323
453
639
535
905
467
203
186
193
197
304
195
249
219
223
306
489
202
3394
399
293
186
253
311
239
587
217
192
289
211
188
287
197
199
211
231
328
1005
452
194
340
339
295
491
209
457
243
486
561
233
226
599
435
219
433
1157
560
774
186
206
252
186
186
269
225
522
651
216
210
385
347
193
310
317
397
220
225
471
376
207
352
840
294
215
186
203
275
459
287
479
187
235
442
375
255
374
197
246
258
586
3341
614
1534
272
683
539
424
1517
5332
397
1300
333
280
224
238
380
254
499
412
707
240
543
499
901
207
435
381
206
377
186
187
373
188
235
201
527
253
204
288
186
199
194
190
309
539
189
366
194
197
593
246
361
399
227
301
193
510
1620
482
284
305
413
963
233
551
613
217
392
581
392
210
264
325
290
2304
806
3042
1445
920
1508
1208
1082
737
291
556
207
350
256
213
339
217
366
227
311
333
310
393
418
389
186
189
316
304
189
692
1124
2618
451
1834
1093
511
1046
371
1164
1650
1009
3090
448
969
294
1053
1081
1246
445
779
816
582
1113
291
2801
444
2807
3192
187
2442
329
2858
1200
2072
471
2395
811
2516
195
1498
478
911
282
603
4021
1421
1391
210
972
456
367
1057
1054
4572
1660
470
926
399
1031
3199
296
1069
4059
1642
544
254
318
377
196
245
