210
297
241
174
299
302
336
1428
188
220
195
290
176
278
251
507
301
465
225
273
447
236
192
298
202
261
419
258
204
201
477
510
903
243
193
536
423
307
470
267
595
549
299
293
695
265
283
470
604
247
439
394
636
547
178
393
298
285
193
359
1148
295
304
283
305
299
253
282
364
530
316
177
369
320
442
807
408
312
917
306
251
244
186
403
191
453
343
254
419
257
409
328
410
192
193
343
420
173
239
279
320
425
1258
196
288
222
272
515
355
188
1557
658
454
296
292
355
439
175
284
389
276
306
173
446
746
999
799
201
394
568
352
276
267
211
361
682
304
290
173
382
945
273
225
353
585
784
1060
785
287
773
358
247
781
293
424
400
765
583
1344
206
305
554
310
289
526
300
505
660
541
1561
405
235
498
260
445
1020
255
759
293
173
343
451
345
268
380
222
442
329
492
272
390
236
241
377
360
296
176
286
315
297
275
597
300
328
288
725
311
505
365
445
337
316
704
897
542
448
267
307
439
448
1034
491
243
1002
257
783
907
1073
428
385
514
804
608
783
424
300
200
622
284
360
291
327
857
381
173
311
331
225
335
173
311
175
278
612
256
250
628
260
244
420
186
182
231
476
487
178
555
793
606
632
414
225
684
272
459
359
183
285
259
335
351
225
450
185
210
360
853
267
270
176
322
320
185
297
267
383
260
178
291
830
334
294
345
252
240
224
315
228
428
275
329
234
250
291
316
278
286
225
219
278
332
586
367
433
431
179
229
199
173
180
177
674
236
359
261
257
225
3656
285
442
216
175
256
1275
1100
498
426
177
176
269
310
208
244
511
661
282
279
175
174
346
371
183
217
232
265
247
227
399
294
185
222
189
271
173
173
332
176
267
175
653
283
289
174
445
500
453
299
296
203
331
369
299
202
448
260
532
296
834
230
173
1908
253
854
778
304
300
3259
289
245
506
682
1766
366
841
179
638
301
288
311
283
265
485
199
207
277
261
360
201
184
212
597
193
300
362
219
523
458
616
225
876
2585
961
193
263
230
277
309
225
198
308
937
273
503
438
231
251
275
322
212
206
275
299
384
4196
3769
2557
1306
1133
762
266
486
325
258
338
230
182
321
174
350
227
196
301
351
289
384
401
256
291
778
187
430
258
184
266
343
353
279
328
203
202
255
218
345
290
394
185
301
353
259
195
223
231
262
292
454
270
173
177
227
408
