307
224
200
198
198
849
220
229
208
828
282
279
199
225
485
248
201
258
399
651
252
491
277
590
286
283
242
224
198
200
244
279
242
225
198
204
282
279
253
591
198
216
286
284
300
204
202
204
567
403
415
294
500
553
497
763
678
201
535
441
420
698
216
308
211
239
244
269
265
198
198
607
249
283
211
220
435
225
199
381
335
279
250
207
588
345
208
223
239
332
275
210
207
334
244
209
282
198
442
243
236
351
322
429
676
257
222
205
209
362
316
299
1004
432
1257
213
341
362
286
219
326
274
917
198
872
221
247
198
361
202
198
222
378
210
198
204
413
219
219
249
203
268
211
996
569
304
330
219
257
233
205
287
584
556
1671
1403
493
406
530
371
809
310
1072
435
1635
431
373
345
539
800
214
844
242
586
402
1191
433
391
482
254
450
987
991
1714
1249
268
497
1186
385
309
309
575
489
528
275
247
503
201
272
232
216
757
240
253
205
249
377
357
248
262
316
240
281
201
309
221
449
218
548
357
304
252
218
221
2217
1571
321
465
561
3280
209
3122
925
429
385
229
280
504
201
199
505
387
311
372
381
875
748
512
221
338
422
343
537
225
603
431
307
402
561
209
456
481
198
203
431
533
212
241
211
293
240
204
332
643
437
419
884
630
305
244
290
422
384
326
305
294
199
309
262
386
330
207
409
314
410
237
337
545
264
486
420
200
413
296
268
373
213
419
203
215
257
521
311
345
334
515
241
198
248
304
211
