245
263
345
254
415
236
287
245
404
302
186
179
162
176
222
287
166
156
201
219
200
164
161
195
216
154
154
186
206
382
185
156
217
194
197
154
154
181
320
166
228
300
187
231
202
169
939
173
240
277
212
154
229
318
239
169
206
185
187
230
216
227
241
196
154
213
156
183
195
185
222
197
182
160
268
167
154
179
253
229
175
337
323
162
220
243
154
154
174
227
209
250
216
154
246
167
236
190
189
326
327
317
174
174
192
204
187
161
179
156
248
246
210
217
404
172
154
166
268
250
203
349
364
171
181
305
154
178
181
237
378
201
366
242
197
275
154
174
179
179
256
234
205
216
233
174
252
208
212
240
160
191
156
243
228
221
154
163
197
171
154
343
154
199
210
195
155
256
226
242
362
254
396
337
239
234
226
185
194
161
218
169
165
221
170
278
261
233
208
174
246
164
263
203
248
238
222
221
175
224
161
209
154
187
172
161
154
154
311
204
199
207
163
154
211
326
258
174
210
154
180
154
163
347
173
191
155
301
197
172
229
163
167
280
234
236
234
210
325
203
213
234
179
269
211
158
268
176
287
216
368
166
162
166
179
294
274
230
240
217
180
268
198
156
207
182
236
258
388
315
154
371
222
258
215
284
158
170
328
314
255
332
246
156
208
195
186
164
238
347
217
186
188
171
250
154
226
157
198
224
177
181
190
226
205
220
162
164
174
362
168
203
273
154
195
207
190
226
280
222
232
217
275
205
159
235
206
154
174
182
195
187
211
175
238
178
191
256
154
233
165
154
156
202
215
238
214
200
268
244
219
154
202
272
185
217
154
217
279
246
180
292
188
198
251
168
244
208
230
190
207
181
188
189
204
236
160
164
173
191
254
171
235
188
243
154
155
229
165
219
154
154
234
155
268
178
332
225
154
180
186
161
206
172
329
229
240
269
329
298
201
273
290
349
172
210
232
210
297
155
209
202
190
240
189
167
160
158
240
190
182
320
167
164
154
154
154
224
160
154
221
258
163
310
182
1125
154
309
175
219
186
303
183
154
214
178
184
201
176
240
184
239
192
294
154
209
156
193
154
177
155
168
181
166
154
179
168
248
192
210
172
267
154
204
210
178
233
211
174
289
221
208
156
195
209
235
251
259
215
201
259
187
200
263
173
168
175
248
312
191
240
154
206
190
455
206
172
209
155
217
221
174
213
199
177
292
200
220
188
256
162
173
169
315
232
229
186
254
332
193
160
222
217
179
245
268
238
173
164
261
158
168
236
195
154
205
318
220
240
252
271
191
179
159
280
212
205
326
167
181
209
166
180
244
250
165
171
154
258
233
245
157
187
206
329
187
183
242
292
181
195
171
198
253
243
240
175
164
205
204
244
222
235
262
154
271
154
185
330
352
514
155
202
205
180
198
159
235
158
211
256
218
224
192
214
231
199
175
154
257
240
203
191
294
162
201
175
236
154
234
162
154
222
169
265
211
190
304
211
186
183
259
250
193
255
170
207
187
316
181
195
212
265
154
196
177
169
154
192
154
192
255
370
210
183
182
187
173
176
159
233
175
192
175
291
226
179
296
154
248
189
217
441
278
157
209
254
163
154
238
214
295
273
220
243
453
429
276
256
230
171
157
212
190
187
235
272
193
154
170
220
161
216
173
196
200
242
311
183
154
321
154
183
190
308
274
169
193
210
316
167
188
272
206
219
154
255
154
183
209
276
231
272
211
192
239
160
177
243
162
170
193
198
199
244
230
206
323
159
185
189
184
204
159
319
280
300
214
171
198
193
247
155
154
191
255
200
167
158
255
248
205
183
226
205
329
204
213
285
229
181
246
211
267
242
197
211
154
247
239
232
157
204
171
157
210
154
154
303
303
154
169
209
171
162
289
221
286
247
209
330
163
251
154
252
196
189
257
192
206
155
202
238
330
318
173
230
225
173
236
211
272
225
183
207
182
154
154
154
246
187
275
225
315
163
211
162
217
208
239
239
192
241
173
175
182
229
185
211
172
192
154
177
200
300
281
162
220
226
166
189
251
204
170
171
202
230
156
159
258
183
210
236
194
295
570
419
250
206
164
521
352
274
459
229
489
223
237
160
265
323
164
403
599
366
318
527
255
380
193
215
267
391
179
216
262
895
195
237
260
189
183
250
293
157
185
200
329
298
222
336
166
419
318
179
195
374
246
391
298
325
329
194
344
233
341
281
389
168
194
193
201
242
409
204
351
263
345
316
154
432
197
234
181
215
201
168
190
154
272
275
199
236
205
159
166
154
269
212
161
221
154
159
231
295
160
162
166
219
228
190
254
218
198
271
204
265
187
158
286
169
154
240
192
154
187
285
183
349
231
159
154
154
160
342
201
154
281
240
211
283
188
319
194
248
183
194
154
217
154
508
233
263
324
361
185
245
158
205
154
167
206
248
154
169
175
260
171
219
394
381
154
246
272
176
154
171
270
255
176
169
154
154
348
201
174
185
266
203
213
281
162
157
179
173
225
156
175
154
249
285
328
240
232
205
263
326
226
410
200
265
247
231
240
304
225
172
159
179
428
165
229
190
258
325
292
221
429
297
173
296
181
240
167
233
154
185
179
199
157
183
188
233
163
154
282
154
285
239
160
166
231
226
259
289
302
392
361
465
235
168
154
336
241
240
236
222
217
219
154
240
170
190
276
279
248
244
154
202
154
230
202
180
188
277
290
185
190
187
242
184
254
154
169
199
210
248
187
184
218
184
166
238
154
290
154
263
371
346
179
215
235
266
203
158
272
181
259
329
154
244
194
295
276
154
193
216
164
209
191
192
204
236
216
336
292
243
188
237
178
220
154
159
163
154
169
216
225
159
215
175
244
177
348
228
244
174
167
216
210
154
217
290
186
173
154
189
258
195
175
226
216
247
163
161
207
154
161
226
183
273
188
338
227
275
391
175
196
185
232
192
206
221
198
218
187
178
190
154
195
204
221
415
154
177
254
167
217
188
154
161
206
231
165
278
175
183
180
285
243
241
179
221
168
154
163
154
163
280
171
242
157
277
192
156
256
186
351
169
260
212
164
246
171
292
154
386
167
173
202
159
201
154
178
164
335
226
264
245
164
267
230
178
196
177
182
338
189
154
217
311
157
154
276
256
171
235
162
154
352
166
228
192
283
198
154
235
176
174
154
168
277
162
154
209
214
154
305
254
353
160
206
185
275
201
215
262
322
227
257
252
167
225
364
210
169
284
189
194
216
185
226
200
185
175
307
224
154
273
239
433
300
154
242
237
209
188
179
225
189
230
236
202
195
154
247
404
291
357
348
332
161
163
181
154
271
206
255
236
164
382
451
243
277
155
237
320
195
189
154
222
187
368
252
255
222
346
184
196
268
477
200
314
159
227
415
165
171
172
247
154
218
263
181
173
415
464
176
213
166
202
214
183
274
184
167
184
154
161
154
181
210
170
205
228
387
202
180
195
163
214
154
178
187
254
154
197
166
287
171
172
178
195
291
178
172
185
160
226
163
180
192
210
382
326
196
166
296
184
162
158
247
259
239
206
174
224
213
185
248
248
201
301
238
362
222
163
206
199
228
312
277
197
214
159
168
154
225
195
254
265
190
157
237
227
168
154
154
159
232
165
289
259
249
201
171
163
156
186
185
339
171
202
175
232
164
288
204
178
395
191
259
210
156
198
318
154
393
414
170
282
299
168
208
154
154
211
156
169
189
174
192
289
185
156
160
277
154
320
209
174
221
331
170
217
226
246
248
321
301
305
426
187
286
178
332
203
227
205
194
328
245
160
160
233
227
174
271
172
229
270
226
253
237
163
192
231
167
236
162
157
210
202
167
197
223
227
221
211
237
175
197
221
163
204
164
228
220
197
183
276
186
154
240
194
234
163
252
331
227
154
229
154
209
245
251
289
243
273
206
186
195
181
240
163
189
195
163
242
278
176
217
173
160
181
224
250
154
218
157
162
163
182
197
154
212
182
161
175
201
419
204
222
262
190
210
158
313
172
178
197
156
178
169
187
208
215
172
173
256
222
265
160
198
183
179
190
168
225
154
230
154
180
174
179
172
176
258
204
246
246
250
188
229
259
338
210
191
161
325
169
157
162
191
191
231
160
196
212
192
189
206
239
180
218
159
208
209
199
156
158
207
251
238
171
212
190
163
172
179
154
210
154
219
168
239
173
174
212
209
174
269
280
397
157
185
296
204
166
225
159
291
324
176
268
251
221
567
424
265
204
215
295
169
199
197
263
227
197
197
192
189
232
213
274
218
202
174
186
154
171
232
256
198
245
200
189
154
201
204
237
207
211
220
202
206
156
238
199
263
237
161
154
228
246
195
164
212
182
234
174
174
276
176
157
170
179
197
292
244
161
189
154
184
210
286
162
162
189
215
165
240
258
303
216
165
170
200
180
158
244
310
155
231
216
226
198
210
162
160
226
200
187
321
206
215
178
175
239
313
325
295
250
217
182
233
248
154
287
189
366
224
250
223
204
166
154
180
199
164
164
266
207
204
165
212
235
237
257
158
183
167
237
169
375
234
182
245
154
212
159
230
255
212
156
241
165
162
155
156
278
166
179
184
622
372
295
171
323
241
167
210
266
214
265
154
230
212
280
227
164
246
156
189
241
187
235
193
254
154
154
246
268
258
238
244
162
246
251
156
183
154
281
232
165
241
298
266
198
193
300
191
185
245
209
187
198
202
156
179
173
250
466
165
206
154
346
190
368
207
271
187
167
192
285
281
172
168
193
186
327
302
199
287
244
187
196
253
201
227
179
252
154
263
503
196
241
225
217
154
159
257
178
156
183
262
342
159
176
226
305
194
159
194
180
173
154
224
181
224
219
210
325
458
217
203
170
189
245
286
231
158
241
234
267
154
180
201
178
194
281
194
203
154
186
204
212
183
266
181
328
172
269
180
178
154
281
265
219
242
154
154
169
195
263
160
267
178
235
164
242
165
154
406
257
318
154
216
229
203
450
284
384
260
291
322
354
213
236
159
218
154
255
180
211
154
163
242
219
170
155
196
247
248
154
180
262
160
195
173
318
192
210
262
193
240
245
159
303
192
245
242
247
258
189
220
261
206
303
246
529
169
229
265
167
228
238
289
226
200
173
356
257
158
172
154
253
257
245
246
276
184
188
291
275
239
173
241
156
161
247
181
219
210
169
154
170
257
159
154
164
370
154
276
154
409
214
240
154
283
192
338
281
208
217
247
332
232
154
268
326
352
169
305
222
191
251
189
155
326
227
255
188
282
241
159
158
166
225
251
226
230
186
186
222
201
219
168
245
243
210
221
154
272
296
176
154
182
177
250
319
241
155
179
200
239
243
311
364
188
161
165
177
238
204
234
176
368
154
154
174
207
169
154
188
199
215
236
175
258
156
205
204
262
240
199
222
174
154
173
227
485
223
172
203
206
273
461
154
254
154
216
194
182
192
185
194
227
154
205
233
154
160
256
204
179
189
189
236
192
269
259
223
328
175
163
194
160
350
212
179
194
195
154
214
284
191
356
154
154
248
271
190
154
179
387
205
175
203
196
174
196
224
211
310
176
178
237
164
207
204
199
215
201
189
262
211
197
244
157
239
224
187
184
189
186
184
178
263
159
154
171
271
202
159
173
229
288
191
232
175
208
216
315
276
196
219
189
206
181
189
200
159
154
168
183
184
218
154
199
238
179
208
182
158
190
166
226
242
191
165
158
154
265
202
178
176
161
174
280
291
219
169
289
177
203
199
163
161
219
154
202
194
215
347
171
206
268
311
274
190
244
167
193
154
364
196
232
211
304
175
159
154
166
166
198
190
188
310
154
227
158
229
195
154
154
213
192
242
274
240
212
168
197
278
173
206
231
154
242
161
179
289
235
259
282
160
274
220
183
170
222
210
154
214
202
186
202
241
154
263
185
154
183
171
216
244
161
217
230
192
168
188
224
158
211
154
221
206
244
259
185
214
206
229
155
303
162
217
250
155
199
228
179
234
363
209
377
199
197
182
174
225
207
226
233
210
271
320
285
156
282
163
182
185
324
170
184
250
154
167
225
154
160
276
154
267
215
234
158
205
201
177
170
279
254
338
306
193
166
289
259
174
165
176
192
261
160
219
158
185
217
181
176
168
157
201
181
159
171
174
160
157
249
254
265
163
200
256
198
154
170
154
269
227
275
154
219
266
195
194
216
189
177
171
281
171
169
231
192
166
180
253
159
174
184
173
212
252
216
227
168
268
180
210
154
155
154
239
442
167
219
184
307
166
466
313
175
259
229
250
171
372
161
192
191
176
347
154
154
181
272
263
156
200
172
154
216
171
237
178
212
156
263
194
171
254
200
225
163
248
179
182
199
249
405
179
159
154
160
154
205
225
211
268
202
244
178
220
154
228
361
191
400
329
215
317
313
193
186
185
242
242
185
207
286
211
286
241
190
186
198
154
219
335
154
189
314
154
235
186
258
169
158
182
179
170
195
266
382
158
198
190
308
231
177
213
154
157
265
352
244
264
352
242
249
243
194
493
406
209
196
314
314
154
238
224
201
205
204
239
180
213
215
300
168
232
171
210
243
338
251
199
286
159
341
288
410
208
261
158
179
400
174
225
172
185
182
229
240
250
192
276
184
220
214
154
154
324
195
197
156
289
158
186
179
182
198
154
196
237
197
232
400
154
252
201
345
189
185
269
197
181
214
291
333
162
210
241
179
242
207
158
203
166
176
169
162
154
188
195
177
154
242
176
154
183
185
174
268
192
174
187
234
347
190
302
285
197
194
183
179
154
178
223
203
299
244
154
285
216
179
163
218
186
276
155
396
170
192
178
190
183
257
154
274
172
246
182
475
469
268
175
178
217
158
179
251
237
186
195
225
198
154
256
398
256
404
210
187
177
207
176
232
252
194
192
229
183
203
162
163
227
157
243
182
154
178
167
179
154
208
188
244
190
803
289
326
1164
699
902
499
405
638
506
671
364
587
366
240
1058
307
161
597
206
454
741
1018
811
241
208
175
432
566
223
251
330
695
180
293
764
629
194
364
708
448
352
427
243
347
253
194
223
165
179
233
163
244
233
162
176
165
244
239
293
174
156
161
169
205
316
209
154
168
232
239
180
285
199
523
232
159
158
163
175
228
196
176
302
164
201
175
270
184
279
191
233
191
227
194
183
333
218
202
156
187
154
251
192
154
167
236
154
196
163
293
420
297
159
234
189
163
231
234
260
154
236
212
311
201
163
228
154
278
158
196
163
154
259
243
194
185
189
154
282
367
208
276
227
233
173
241
349
250
250
197
201
154
220
161
188
220
169
216
298
222
288
214
391
213
254
165
347
255
265
267
176
297
211
220
250
184
298
195
154
256
159
154
170
190
155
192
169
515
269
381
307
227
185
181
155
188
198
224
319
220
154
155
194
296
185
258
242
188
229
195
194
183
157
230
154
195
154
165
234
206
278
296
303
252
224
290
169
282
189
283
234
488
193
203
168
176
154
269
179
220
168
168
292
299
427
154
154
154
321
266
227
189
340
256
205
205
365
245
184
332
154
241
192
154
237
154
204
288
182
225
176
176
220
307
240
253
176
211
162
281
257
154
169
184
288
233
221
170
235
240
285
159
170
202
258
154
236
218
160
157
157
254
156
154
203
310
199
154
398
190
194
239
155
206
202
277
202
218
257
182
154
165
154
154
305
235
181
189
176
449
159
399
311
339
286
174
184
230
286
235
210
258
213
176
159
195
185
244
470
270
224
215
241
314
358
198
158
154
273
154
154
213
274
187
186
182
220
166
206
274
199
347
199
267
180
189
392
226
188
219
216
208
154
162
235
203
379
386
320
154
154
251
154
208
188
155
158
283
242
359
285
190
212
293
194
274
188
154
319
196
184
171
208
243
191
193
169
196
170
202
186
204
227
186
167
173
259
170
171
190
225
163
298
179
171
224
155
154
259
188
291
210
170
190
253
189
192
162
154
199
234
203
154
220
191
207
166
357
292
283
182
154
171
249
197
233
154
249
192
397
194
188
157
155
267
188
234
193
253
159
219
193
154
192
213
167
246
283
161
215
313
155
270
193
277
232
201
183
156
198
173
183
215
175
280
154
170
204
192
222
406
292
276
275
374
193
220
264
200
172
159
157
208
173
323
208
206
415
183
239
226
184
187
310
221
230
172
168
195
193
322
276
288
288
297
160
193
191
157
423
206
163
278
163
154
274
252
342
155
230
154
203
154
173
191
210
260
154
257
208
381
284
227
154
161
445
488
185
154
355
162
214
166
156
182
263
262
252
276
248
191
242
166
180
233
154
169
157
228
253
228
232
225
213
213
154
179
189
239
160
204
191
167
333
213
202
174
268
222
157
235
162
185
192
226
271
154
166
209
161
170
174
168
249
176
189
255
264
211
221
206
196
218
210
181
374
239
251
263
222
168
161
227
218
243
284
191
203
320
223
329
225
164
314
259
251
313
165
392
210
162
276
154
198
328
215
154
154
227
193
352
191
256
213
200
172
270
167
162
183
164
232
295
158
175
154
252
212
259
363
193
257
226
163
162
241
181
183
255
154
206
231
223
215
199
192
171
179
247
318
212
291
190
235
173
280
270
156
220
179
229
230
366
203
520
323
203
304
363
164
193
180
162
201
154
232
245
264
220
300
240
171
182
154
342
343
276
190
154
157
203
241
197
174
163
206
274
214
336
174
154
177
247
210
225
176
202
201
154
203
175
174
187
164
198
246
257
192
302
202
321
318
260
246
312
224
250
195
259
224
236
275
209
373
167
270
325
341
263
242
219
176
461
267
265
166
189
205
307
208
172
202
251
163
162
241
208
178
158
165
164
212
180
154
189
220
353
196
283
281
258
238
233
187
231
187
177
247
262
249
182
226
209
199
270
270
244
251
305
339
179
210
278
389
154
247
221
323
230
176
305
169
171
214
191
280
304
484
154
439
261
183
201
202
260
214
265
293
222
199
154
154
195
503
264
340
240
189
158
215
165
194
341
217
291
195
350
353
179
318
268
354
256
230
469
154
211
165
249
189
408
253
154
571
251
267
190
180
289
215
180
172
205
194
192
231
222
290
224
154
362
196
312
266
322
157
185
321
155
234
170
249
315
186
195
298
253
154
178
325
165
201
154
320
189
170
320
154
214
154
157
308
183
169
165
293
157
163
252
231
154
167
223
254
243
154
215
154
266
155
154
168
198
184
326
202
390
177
217
168
228
169
339
169
216
213
245
275
186
154
260
230
363
195
230
218
217
209
154
154
283
213
252
201
237
154
181
321
175
188
200
154
248
250
312
244
318
154
251
183
209
198
235
158
188
229
188
398
154
172
158
369
294
177
157
154
317
158
234
230
205
203
257
158
184
170
194
176
166
402
214
343
290
605
290
237
216
161
220
274
154
174
175
208
197
276
194
278
255
162
250
201
214
193
208
166
204
182
276
212
216
240
204
208
240
162
165
182
268
154
261
370
175
266
373
234
242
212
400
262
275
207
344
363
154
214
346
199
154
252
221
244
196
154
196
260
199
281
154
251
163
154
230
162
175
189
260
177
188
232
163
242
280
211
247
197
154
171
231
183
190
182
157
207
258
210
204
239
181
195
178
162
155
200
154
248
206
176
173
199
197
207
377
179
263
200
225
199
154
191
172
159
364
175
337
236
201
205
208
200
196
171
163
221
341
247
154
169
182
171
197
281
181
269
175
154
155
165
154
187
197
251
316
253
154
174
222
257
193
185
188
327
277
154
193
154
191
197
190
188
268
268
170
263
272
239
154
187
200
222
213
164
214
218
267
258
164
317
163
173
190
234
207
197
242
159
213
207
240
169
262
209
292
296
165
174
158
190
181
201
204
366
165
228
251
154
194
158
186
155
324
188
224
259
284
297
254
239
163
306
218
165
222
163
255
159
242
154
174
223
337
171
230
154
173
254
154
275
264
210
163
163
315
315
161
214
440
364
154
305
184
210
169
185
307
260
178
191
244
166
159
219
212
154
191
268
238
323
154
201
195
161
301
201
160
249
238
222
284
262
209
235
174
159
245
221
208
182
156
168
286
189
154
197
170
224
201
170
170
238
472
158
238
154
248
344
258
201
160
222
276
215
180
266
332
154
585
234
158
262
224
230
158
190
182
204
256
179
267
287
220
170
193
159
220
256
350
239
163
210
197
158
198
222
214
176
430
172
240
202
163
210
178
159
238
293
197
154
188
226
154
156
170
193
257
201
264
310
195
168
214
236
252
189
184
201
198
154
188
275
277
154
194
199
212
154
177
259
253
206
184
220
175
162
167
323
242
169
190
202
191
299
247
159
178
188
287
210
160
170
191
177
172
241
172
228
155
158
275
224
257
186
202
176
289
219
225
191
350
259
277
242
169
157
672
232
403
644
387
405
237
445
176
158
181
304
173
166
178
171
206
169
154
199
161
288
183
464
154
199
301
191
165
160
206
243
467
197
250
239
261
199
156
274
333
276
190
154
186
161
249
237
199
154
154
220
189
154
175
218
194
288
226
182
256
206
222
168
306
183
205
190
182
231
193
169
282
179
221
154
206
191
154
249
200
163
302
186
170
162
227
167
201
237
206
263
200
248
201
217
182
188
184
204
155
189
219
192
203
160
154
170
187
211
208
212
228
205
204
390
154
156
229
250
159
163
184
182
219
163
198
172
197
233
182
154
199
247
196
241
179
219
194
169
218
179
220
224
157
163
154
276
154
339
154
185
159
157
228
370
168
154
164
224
209
154
197
249
166
223
230
172
156
275
171
169
157
222
154
154
178
213
158
218
154
218
160
202
211
168
210
199
211
186
179
165
196
208
197
179
173
207
175
184
202
159
244
157
311
187
156
196
154
154
252
213
170
154
198
157
158
258
216
166
163
287
160
203
188
178
241
195
154
156
257
266
162
163
180
187
183
155
220
267
188
187
154
198
154
295
190
415
179
208
178
156
216
277
225
159
293
164
195
282
238
255
154
279
265
156
261
293
217
248
217
161
242
229
229
238
227
303
234
272
246
186
246
187
163
225
206
172
205
277
219
263
212
154
186
154
195
179
204
203
162
181
204
350
176
244
243
278
175
189
244
224
308
182
246
238
195
359
186
201
260
243
263
300
214
223
172
206
169
206
201
162
184
210
176
273
252
175
171
231
154
316
281
222
328
196
154
282
335
215
187
200
231
184
156
426
261
154
180
323
427
220
215
241
279
157
245
160
160
338
221
457
188
304
225
236
328
220
227
234
191
176
162
154
177
181
311
228
283
199
219
198
154
362
266
214
154
242
154
170
233
282
325
212
176
201
172
281
154
170
239
154
212
224
371
155
159
367
381
257
283
175
185
154
222
196
265
208
154
319
165
200
298
208
249
174
262
245
225
154
226
251
263
214
376
225
276
178
245
234
223
227
236
263
333
198
260
297
247
243
237
210
267
240
265
211
326
320
163
154
222
434
230
154
427
203
292
236
272
247
172
177
304
313
214
403
266
185
232
213
381
208
276
311
176
164
308
253
258
260
524
251
181
184
228
165
346
214
167
159
187
173
247
281
282
186
440
293
207
234
208
154
205
350
283
154
166
179
446
206
210
169
242
298
218
215
313
268
313
182
176
198
264
419
199
191
202
220
157
225
247
251
354
189
242
170
184
197
154
232
154
206
354
175
154
170
311
181
250
241
214
449
277
165
259
217
165
222
205
232
154
261
238
225
230
230
211
354
158
303
154
201
200
237
255
188
199
174
194
170
224
197
154
193
233
189
171
223
194
166
175
215
154
242
255
305
158
184
174
173
154
362
253
280
225
168
344
209
172
166
189
415
219
210
159
168
215
160
209
199
209
192
256
197
164
202
190
231
154
358
154
248
155
218
175
170
255
272
168
235
183
209
246
256
306
158
158
293
260
180
154
254
183
235
252
229
221
162
233
228
297
158
280
174
211
301
191
452
206
234
222
203
202
260
358
223
198
226
332
163
197
224
159
217
196
163
273
188
240
224
169
154
168
184
187
154
180
244
164
184
154
291
263
183
177
177
251
339
159
283
156
273
209
348
290
154
223
280
253
158
332
395
353
179
205
301
163
164
198
194
162
154
154
154
154
288
154
163
226
325
210
220
161
336
171
171
154
215
165
336
245
215
177
173
164
254
251
419
197
239
230
157
156
154
176
231
156
223
239
271
157
415
203
189
172
250
357
226
309
164
240
161
194
166
271
193
154
154
154
163
243
276
214
176
230
363
332
154
154
236
267
222
218
212
191
236
154
199
280
171
154
549
310
260
255
177
449
251
168
176
350
266
221
295
210
157
347
165
294
185
188
373
267
217
217
155
186
189
202
184
316
249
154
323
175
182
226
165
182
231
283
202
278
178
185
243
226
194
261
284
301
190
163
257
173
154
170
276
281
256
383
312
176
185
188
286
299
194
163
206
198
154
228
182
216
173
224
232
154
155
154
213
221
195
344
181
197
179
154
155
154
187
256
274
211
162
261
154
191
227
241
241
350
183
224
173
154
155
228
224
154
216
360
159
272
313
222
295
154
291
218
311
567
350
165
213
175
171
213
203
254
197
261
179
201
195
158
265
154
240
226
162
203
309
211
154
212
210
182
219
253
171
314
154
298
155
175
244
287
274
260
154
220
181
177
173
198
166
195
211
154
197
200
291
190
168
287
220
225
322
202
226
276
254
446
169
229
304
195
155
345
175
193
215
204
269
298
306
233
208
154
154
189
160
226
235
180
212
167
165
249
215
173
221
154
263
176
154
190
241
248
259
222
288
190
332
197
190
176
240
180
154
154
266
235
168
258
247
253
160
269
172
204
154
192
238
270
273
256
154
258
181
154
158
187
228
188
278
246
289
291
218
182
204
177
202
239
207
202
212
233
234
154
171
306
196
292
154
213
214
168
350
265
200
293
227
239
223
215
243
177
282
240
250
215
154
243
283
181
201
198
190
288
174
180
159
196
252
162
288
274
154
238
154
164
394
357
157
154
223
159
162
154
259
164
213
166
155
161
179
217
312
177
232
234
351
154
154
182
244
166
174
170
233
185
179
223
158
161
343
237
154
217
374
236
218
177
171
184
154
162
159
257
177
166
189
156
154
265
199
196
276
317
168
215
154
160
239
154
232
273
210
277
196
166
176
154
156
198
177
296
220
174
221
340
225
184
178
258
271
174
244
198
219
154
165
170
187
168
161
203
253
263
237
187
154
211
181
279
231
286
189
185
160
192
154
155
167
173
180
154
177
241
304
168
401
177
290
226
285
228
206
166
249
230
189
243
187
216
255
154
216
201
156
175
295
183
191
243
181
239
154
187
210
216
216
225
168
219
161
154
214
175
192
154
182
168
204
262
168
218
218
177
159
222
217
197
226
330
235
227
234
186
188
168
205
159
186
245
188
154
190
184
195
172
178
279
197
201
211
203
219
196
296
157
210
199
197
235
222
206
241
246
205
214
208
209
248
210
177
210
168
174
218
186
190
154
215
254
175
154
161
204
271
161
169
316
254
190
183
154
204
198
174
234
231
161
179
191
174
376
154
203
271
173
156
154
262
170
161
227
163
167
201
210
298
331
175
168
161
208
255
211
228
227
246
185
158
261
261
156
234
166
156
230
214
205
203
185
154
240
183
315
244
207
243
192
154
160
304
177
509
201
154
255
190
533
190
261
160
248
234
160
217
162
183
203
232
221
164
261
165
212
175
203
154
154
174
258
200
209
175
215
156
181
215
193
198
300
208
237
227
177
155
305
173
225
154
165
216
201
176
217
250
224
215
238
211
277
194
275
160
395
161
444
187
256
155
228
219
230
221
287
167
202
281
406
221
251
316
208
347
179
208
154
254
154
219
251
244
184
240
190
287
217
169
207
244
172
216
276
165
172
205
404
275
198
252
186
222
175
154
293
237
173
239
229
213
235
186
155
208
374
219
211
214
205
189
184
170
212
205
193
179
154
155
180
199
260
200
169
163
186
214
188
207
213
171
165
167
154
230
229
174
388
245
248
181
163
156
220
228
165
336
230
267
320
239
268
192
204
240
187
197
164
157
167
278
226
211
235
184
227
154
202
159
156
164
154
230
254
154
200
164
187
181
167
187
243
227
188
244
164
178
199
154
179
201
348
234
181
337
293
314
274
179
258
154
173
193
197
274
174
214
227
192
193
406
185
258
181
160
240
202
232
167
185
287
159
193
229
231
223
293
224
305
278
211
200
193
199
170
204
331
240
156
178
356
259
193
213
173
353
190
186
223
154
161
202
234
201
198
190
240
154
199
154
273
272
162
185
361
209
213
229
154
191
327
323
164
176
234
157
224
312
197
285
224
291
154
176
200
164
154
156
267
301
159
156
154
193
213
314
251
158
168
256
160
254
263
249
194
279
170
207
154
183
168
234
276
225
154
181
208
224
154
219
225
194
217
201
279
154
214
234
235
207
208
190
154
194
186
166
283
156
187
256
184
307
187
169
263
181
187
228
252
154
178
248
329
370
154
175
197
238
254
199
221
158
154
162
189
214
277
169
237
200
189
183
159
167
382
154
160
190
157
199
182
174
239
159
169
182
174
263
180
169
195
356
294
158
194
157
258
245
217
198
266
182
244
210
160
233
222
154
224
154
245
176
200
205
193
211
159
234
173
221
212
222
217
256
332
212
166
174
154
294
219
188
327
190
230
477
255
259
244
199
212
154
176
177
322
338
182
190
273
316
186
195
154
154
183
157
203
222
154
422
196
225
256
1769
213
209
198
223
173
215
182
186
187
250
201
199
154
208
223
236
193
208
383
185
208
155
175
269
286
155
254
154
319
219
214
155
172
320
191
234
180
212
216
254
200
233
188
179
268
196
162
249
260
228
232
261
191
250
211
182
159
204
157
313
154
363
154
208
202
159
190
177
154
186
262
169
261
174
253
168
154
240
162
175
257
200
261
306
169
156
168
161
201
154
224
216
184
168
226
278
306
154
165
208
159
154
302
154
202
183
169
265
173
258
170
218
227
199
282
216
196
232
166
171
174
330
170
190
172
232
169
215
193
178
249
180
161
155
201
194
259
202
154
210
236
188
235
238
182
314
186
179
186
155
320
194
218
202
180
233
238
154
243
177
196
275
237
227
172
228
204
255
361
162
296
196
166
227
176
156
246
179
270
232
245
180
241
180
189
165
301
251
164
321
191
168
194
212
217
154
180
297
268
304
211
192
164
487
205
171
165
209
163
176
159
188
232
154
171
262
194
212
392
190
235
166
210
191
189
156
170
205
200
179
308
165
183
238
236
191
212
219
163
171
163
197
177
231
168
174
154
174
174
231
237
218
320
204
163
254
224
223
156
154
173
337
221
170
223
234
204
436
166
197
365
154
176
268
219
227
223
186
339
154
207
224
165
303
297
160
192
205
168
276
322
239
210
245
171
377
235
220
205
155
263
259
258
273
184
184
229
283
246
203
221
183
325
190
175
191
217
154
186
269
168
242
346
196
229
268
241
241
210
233
183
295
373
207
216
220
244
186
311
354
195
185
321
154
162
156
154
246
224
162
164
157
182
318
287
182
266
182
213
159
317
190
250
271
154
250
154
304
176
172
161
156
175
155
164
243
189
164
291
318
319
154
175
154
179
192
166
202
225
224
210
157
183
238
196
357
174
288
264
224
220
239
193
240
154
181
185
290
338
319
278
218
229
181
157
176
251
173
154
207
183
201
194
176
198
182
169
177
156
185
165
256
327
223
232
216
156
405
222
154
206
233
165
212
154
163
183
222
183
212
251
213
154
264
218
154
214
196
159
287
333
373
154
154
236
164
358
294
256
167
314
254
210
154
334
198
163
274
241
293
282
185
211
493
154
190
172
179
220
158
400
196
250
208
214
255
313
207
174
276
218
254
154
185
163
177
238
249
159
239
180
370
169
377
198
220
187
166
182
246
194
240
205
236
331
259
177
174
161
182
216
190
382
238
259
156
286
165
291
156
225
199
182
193
209
154
182
154
238
280
296
272
211
154
205
215
206
234
231
239
247
193
190
286
274
291
165
214
198
247
165
222
154
341
391
204
154
156
154
154
154
154
196
187
231
305
348
428
247
248
224
174
201
240
232
246
219
283
155
281
157
206
189
154
311
236
376
156
203
209
220
233
367
214
187
184
235
243
188
154
186
303
202
213
208
161
217
203
154
215
244
212
250
275
209
154
268
183
209
184
185
275
311
350
154
177
435
237
265
252
204
167
367
336
195
361
241
225
206
227
225
210
162
257
229
246
154
184
167
174
154
179
160
188
247
171
220
205
154
155
212
204
383
257
279
243
196
261
154
194
178
232
182
167
236
179
197
192
163
156
226
154
236
188
255
156
234
241
263
196
352
154
159
154
251
177
224
229
215
199
197
154
154
154
154
484
154
223
524
3324
198
160
183
236
246
165
168
236
185
217
220
164
347
283
154
164
187
202
220
197
154
163
218
222
158
159
208
250
174
222
274
154
176
226
263
308
154
233
283
168
156
154
176
352
157
189
240
226
174
194
154
168
219
215
178
221
287
167
196
198
186
179
169
285
168
188
198
168
216
188
220
175
154
178
208
239
220
353
162
154
176
208
233
280
193
173
194
178
204
171
250
212
154
247
225
228
213
312
169
326
231
237
223
232
213
165
165
225
262
198
192
244
203
208
170
212
183
167
176
176
184
202
154
213
176
258
160
233
158
217
167
210
154
154
192
162
154
208
157
274
154
272
166
191
173
318
161
244
176
361
182
202
408
154
208
214
170
221
250
231
154
220
154
260
170
179
222
302
269
197
177
251
257
154
162
155
197
273
176
225
299
196
168
189
167
306
172
228
238
258
292
211
198
185
166
236
259
222
324
295
300
204
230
250
262
217
370
339
266
173
169
162
243
154
170
215
166
283
196
176
205
196
206
233
157
184
193
274
181
219
229
179
196
216
158
154
237
158
154
154
181
291
213
161
192
219
234
177
171
157
205
186
220
195
161
194
217
154
244
276
198
172
199
288
309
286
154
203
211
277
283
185
336
214
384
173
356
324
187
164
176
198
245
318
154
169
155
170
185
157
154
247
286
166
158
154
163
280
188
193
154
161
160
193
167
183
188
206
166
201
213
204
159
225
226
199
295
203
172
154
264
189
173
173
174
280
154
209
161
197
468
252
955
392
190
163
295
175
159
266
305
190
163
291
208
229
155
154
166
275
265
297
296
296
231
160
211
155
183
210
292
223
187
166
213
198
154
183
189
169
238
244
232
223
154
247
193
172
215
194
210
187
221
154
171
196
159
226
156
239
198
399
224
179
180
233
193
268
178
230
205
230
156
288
164
260
249
194
179
227
170
162
169
202
207
175
157
263
186
163
155
255
172
235
162
183
202
247
159
209
157
191
209
167
186
208
328
161
154
252
154
233
201
158
189
160
311
204
154
155
241
355
156
255
311
239
195
206
336
185
214
214
220
258
168
194
183
164
221
239
162
209
175
155
183
195
254
236
189
233
309
160
187
256
373
260
259
284
229
154
227
154
170
166
164
236
182
318
333
191
273
220
161
245
157
198
157
238
178
184
249
228
157
165
195
191
239
179
347
161
201
190
222
154
214
261
169
236
173
154
265
266
175
234
313
210
247
212
189
169
198
196
185
201
203
197
214
287
191
210
224
171
188
225
158
169
276
311
172
181
189
233
243
214
250
156
202
198
193
191
178
280
196
291
219
154
231
191
230
208
244
220
230
181
275
241
247
226
190
157
188
227
175
202
262
183
154
341
163
220
222
154
266
156
245
202
317
154
181
182
214
215
263
248
154
230
159
317
214
221
283
249
210
154
188
154
156
154
411
258
213
173
263
154
158
235
174
393
193
303
388
278
275
155
226
258
154
291
321
286
174
268
192
252
301
283
280
209
244
327
196
194
188
154
271
227
263
170
250
284
192
231
211
154
197
264
274
219
156
453
257
272
300
231
175
154
197
252
166
208
393
345
242
174
190
219
154
447
277
249
390
229
199
306
291
192
171
254
238
198
157
219
207
154
287
186
196
213
341
345
198
177
243
154
210
217
301
156
165
201
235
280
278
642
154
154
272
326
363
256
258
304
154
325
181
270
524
271
307
237
268
291
302
154
346
361
263
191
231
262
233
161
154
334
392
229
225
212
154
223
257
157
221
220
154
206
198
154
154
273
193
206
179
293
189
240
210
344
239
306
189
224
154
154
513
651
263
308
221
317
424
231
179
154
239
225
299
158
202
283
154
168
231
271
451
242
239
182
396
587
303
233
154
263
292
189
277
282
171
241
231
356
278
221
161
287
163
245
312
206
154
234
255
321
249
167
154
354
184
220
412
204
182
287
154
162
246
157
182
217
563
321
242
207
318
256
257
284
255
206
224
194
154
186
287
210
202
211
171
326
226
189
223
165
245
193
319
158
249
327
479
162
619
166
154
245
154
194
220
328
211
229
161
180
154
154
316
154
284
305
184
211
157
255
215
215
287
161
154
182
242
242
265
171
179
190
286
170
320
203
208
200
210
279
154
154
233
256
189
251
162
309
270
199
225
225
240
168
248
192
216
196
188
501
177
214
156
207
250
255
258
246
190
266
277
186
238
169
387
165
325
216
190
154
210
194
170
154
233
163
172
231
230
189
183
215
205
242
165
155
223
159
154
225
171
260
250
181
226
236
176
158
191
249
205
170
177
253
237
160
166
154
156
162
184
259
239
279
262
224
203
177
227
244
291
172
245
209
225
259
239
299
384
214
166
233
310
284
155
175
154
316
315
186
195
234
236
203
208
211
183
176
189
285
165
241
200
203
207
328
190
154
289
167
217
271
193
196
277
225
164
167
535
236
219
345
352
232
211
196
263
227
166
208
255
154
183
163
204
177
397
201
184
154
184
205
264
154
154
213
156
171
272
352
188
221
338
181
181
225
154
192
231
156
191
221
155
184
217
158
200
154
309
154
237
174
270
201
187
162
202
196
213
154
171
154
192
207
192
265
222
228
284
154
244
221
167
189
313
226
210
177
194
263
167
347
219
248
288
162
267
179
236
170
275
184
165
172
154
166
217
264
251
274
167
162
159
158
171
167
207
162
294
189
244
285
271
190
188
155
248
183
228
179
262
335
168
164
200
182
215
154
213
367
154
197
227
293
271
389
174
248
205
154
206
232
185
222
155
201
242
185
203
179
246
154
261
192
154
200
284
165
226
328
196
281
276
209
154
217
188
170
201
257
158
247
207
162
158
165
177
185
206
287
210
155
186
163
167
182
155
214
171
267
272
192
167
209
201
196
241
176
154
180
174
271
252
283
186
154
192
243
226
267
154
189
257
182
199
247
169
226
177
319
187
210
172
167
154
214
293
154
265
190
154
370
154
262
239
347
181
208
228
154
213
197
337
170
170
167
223
308
209
197
154
294
154
183
192
203
200
426
292
229
169
246
254
351
249
204
175
198
280
253
172
160
159
199
192
160
154
175
241
254
192
298
187
254
190
235
233
157
293
273
277
170
183
199
350
260
176
207
417
222
279
218
155
287
243
216
204
154
280
510
159
382
193
195
240
154
521
183
212
245
281
203
207
318
154
179
180
225
202
241
182
218
190
271
171
216
215
171
312
333
223
197
158
266
154
243
208
230
212
220
377
154
162
209
253
209
260
243
154
154
158
213
171
281
181
358
218
216
196
185
179
154
205
230
232
154
240
175
352
178
259
204
183
245
228
245
154
221
191
204
293
167
178
192
226
207
196
214
204
249
320
179
272
236
154
186
269
196
208
204
314
164
216
315
156
244
214
215
186
191
161
222
244
6921
9467
416
211
294
238
188
264
178
228
366
494
229
202
235
443
178
365
371
366
193
481
329
945
446
684
710
306
566
433
357
388
191
503
558
494
368
547
397
711
187
197
168
154
188
191
258
164
162
182
201
161
181
154
200
181
170
238
177
231
216
163
247
282
169
157
184
211
172
194
154
154
202
199
286
190
154
188
217
238
180
184
206
156
223
297
200
227
218
208
154
202
169
342
156
166
188
243
161
157
204
154
192
282
163
191
204
347
317
249
213
272
202
204
180
218
238
265
200
157
202
186
165
160
290
205
257
168
259
185
199
225
190
242
291
212
188
197
158
170
237
183
201
161
251
182
257
190
195
193
154
187
250
242
206
173
178
154
163
249
154
160
347
154
180
308
223
214
161
172
194
195
242
154
154
178
278
254
190
157
169
184
221
282
213
178
256
154
304
154
154
221
199
180
246
327
260
208
219
154
154
203
317
213
343
181
315
224
219
264
185
293
203
183
369
395
172
192
190
414
175
170
179
292
160
361
295
165
281
191
433
274
159
170
214
184
244
192
221
186
243
163
206
251
243
294
163
341
