750
207
230
209
393
187
142
169
137
144
164
169
143
205
150
184
143
195
209
139
161
207
168
1039
138
220
153
230
147
137
139
178
143
160
156
154
160
147
240
270
398
196
169
159
402
338
257
168
141
166
212
211
234
240
301
507
177
146
242
390
250
204
140
384
193
140
611
214
137
212
137
142
146
158
142
223
214
156
193
152
138
172
241
266
274
146
158
209
169
165
147
151
147
160
179
137
137
230
152
137
204
193
137
197
156
187
194
160
170
155
255
144
173
151
187
154
223
270
151
157
166
166
137
139
171
155
213
158
161
137
160
148
137
140
199
192
181
147
152
149
140
205
190
170
143
143
156
185
166
165
154
137
195
247
466
371
258
301
152
430
210
139
212
231
137
169
149
154
189
173
162
148
139
162
137
142
195
171
147
197
209
192
152
229
165
288
141
142
204
161
150
149
160
154
137
622
151
151
222
227
212
149
302
243
158
156
156
188
175
148
167
341
185
187
193
165
350
208
344
165
359
154
250
187
267
156
169
176
139
203
213
187
176
137
154
341
243
208
176
196
237
175
184
165
172
183
219
172
139
147
148
160
195
310
204
149
367
404
146
142
198
290
138
151
206
163
173
144
222
182
153
224
210
178
167
151
241
151
175
150
181
143
166
168
169
234
317
204
160
178
162
397
213
139
187
205
229
209
137
175
216
137
201
143
224
137
226
235
160
196
231
157
150
150
168
216
234
201
153
250
228
137
175
186
168
141
253
154
137
206
164
208
152
141
137
143
205
148
299
186
144
159
138
172
141
161
154
200
137
142
182
257
184
214
201
208
146
198
156
216
137
209
146
226
165
137
144
231
222
218
179
137
169
177
3320
223
173
157
137
167
273
151
166
160
182
140
153
184
185
221
160
216
161
190
220
1011
368
225
176
139
239
198
147
163
273
180
179
139
180
146
166
163
158
195
523
212
632
318
505
146
168
145
143
435
164
137
137
150
152
146
139
137
183
200
186
171
343
360
159
267
202
151
173
1072
2792
3019
1733
7125
287
559
218
183
355
193
173
140
137
523
244
347
182
154
577
174
318
305
780
296
180
518
1336
137
392
168
169
156
206
253
345
389
258
198
243
217
218
182
218
173
260
183
291
366
279
470
494
667
538
535
438
521
300
411
512
273
344
451
341
707
169
519
138
137
187
215
286
137
216
286
213
142
