173
919
244
716
461
447
214
1112
341
306
230
206
156
172
402
166
209
222
151
279
247
196
186
165
150
172
168
177
175
193
210
172
189
150
199
156
189
229
449
177
199
245
150
153
184
250
344
188
181
150
173
208
150
230
200
169
201
182
614
236
315
263
269
347
295
156
198
210
177
310
201
261
150
214
173
226
278
318
162
245
178
168
151
204
313
164
194
169
212
192
179
208
245
233
150
188
179
186
254
203
197
188
233
168
194
377
481
205
241
171
286
177
158
269
162
374
201
155
264
187
180
157
289
165
212
192
247
161
222
161
167
204
179
193
299
150
172
273
150
249
196
150
230
284
150
228
183
199
206
264
264
150
220
199
269
217
175
207
170
161
174
227
212
189
167
150
213
166
164
200
270
266
163
168
175
282
313
231
188
171
396
180
202
153
234
200
252
166
158
191
191
179
210
261
231
237
172
254
242
189
150
251
277
246
155
169
175
243
171
203
152
222
166
150
158
215
220
299
150
165
202
167
174
159
222
210
206
258
205
205
150
164
179
247
221
253
228
166
205
214
220
272
172
251
162
252
264
205
192
225
153
184
237
202
193
177
171
261
207
248
190
236
201
193
330
203
205
180
197
174
273
288
159
227
232
239
223
155
278
154
166
168
187
172
277
209
215
185
206
236
196
177
177
277
219
150
156
183
211
221
240
158
179
192
461
233
174
317
223
263
252
227
223
181
165
254
217
309
150
246
297
191
171
251
161
170
194
150
179
215
225
194
170
170
161
162
165
183
205
150
210
228
211
248
196
195
279
167
227
186
210
235
192
181
152
234
214
150
150
165
177
339
176
233
211
186
311
333
270
155
212
220
150
260
227
332
175
255
193
346
238
159
150
159
150
194
188
197
235
150
321
150
212
170
269
229
150
237
328
150
275
274
198
224
349
157
151
170
201
372
156
222
164
278
192
227
261
247
157
160
204
182
150
432
219
173
198
169
240
245
348
272
273
166
205
194
326
206
1391
238
399
366
195
162
241
185
245
167
237
166
240
259
256
150
213
247
215
226
150
150
197
194
150
259
205
171
233
150
182
169
206
155
179
179
415
163
195
166
155
232
261
150
188
209
198
165
167
159
258
250
202
192
208
204
178
232
186
202
157
164
169
154
286
198
242
178
224
159
150
236
150
284
199
220
188
236
218
150
170
182
150
235
257
170
228
212
161
291
164
335
453
183
202
257
303
168
205
174
237
285
161
206
150
188
199
185
160
150
153
214
237
175
315
150
159
271
254
281
198
157
164
153
150
301
246
199
162
210
342
301
166
269
204
222
159
295
290
150
178
186
158
182
171
241
150
179
199
200
155
255
155
181
176
215
182
161
161
214
253
170
206
150
287
177
239
234
161
150
186
161
245
304
245
165
152
170
150
336
238
237
384
275
223
255
207
247
205
213
172
186
225
163
219
179
238
282
209
248
150
211
263
183
150
171
153
210
246
190
225
316
255
231
199
193
156
232
180
259
210
272
204
178
150
197
198
161
267
215
336
162
438
162
171
199
187
222
226
155
263
197
383
151
159
262
208
236
198
208
291
177
153
164
251
150
235
172
519
245
338
402
150
150
190
158
188
150
207
238
185
198
181
170
223
272
378
169
302
261
163
163
298
165
150
191
208
231
169
160
199
150
289
164
197
273
185
209
219
214
228
201
199
213
163
150
170
292
189
231
187
196
200
293
157
163
261
208
209
278
307
422
185
205
188
220
235
183
258
244
256
232
170
203
175
150
230
193
301
150
199
188
160
192
299
151
212
182
160
177
189
197
182
319
301
172
159
155
232
183
223
187
213
166
192
277
212
300
155
196
220
249
209
369
297
174
214
286
175
202
291
215
183
158
150
204
151
208
172
243
210
171
208
223
173
213
194
231
267
193
212
150
159
188
185
169
182
186
158
225
250
182
189
239
343
230
250
153
420
229
197
151
434
250
280
432
150
205
212
270
168
230
397
376
367
344
533
248
245
237
187
269
392
167
246
531
340
200
257
248
316
244
373
237
399
239
202
322
251
394
208
223
887
153
361
174
264
160
150
222
180
152
227
184
310
150
222
254
302
313
227
158
264
256
191
195
290
311
389
303
187
334
225
331
259
298
167
172
186
171
171
315
177
321
150
166
413
281
155
165
162
228
154
169
170
234
241
271
175
211
163
192
178
283
171
179
229
150
199
204
163
286
172
196
192
181
180
237
239
156
226
260
174
282
150
150
227
283
297
167
188
150
245
150
251
194
238
180
200
165
186
194
165
195
199
356
167
241
153
214
307
245
334
174
248
150
285
175
162
548
197
323
449
161
153
178
275
215
156
232
150
169
189
365
179
237
158
177
172
237
300
151
231
160
173
150
181
331
169
154
327
243
181
200
190
260
259
444
188
178
150
231
292
179
150
257
152
217
297
172
239
176
150
150
150
229
166
238
273
150
303
295
178
215
288
231
150
214
247
203
303
189
351
150
286
165
198
161
205
167
268
185
404
256
150
199
163
191
186
150
201
154
180
261
154
237
191
195
261
194
272
162
197
151
236
225
156
150
180
163
280
154
165
275
295
232
321
243
215
202
150
190
222
193
150
225
152
158
150
165
159
168
362
296
198
193
255
195
296
166
174
208
179
331
177
198
283
160
184
266
150
222
406
209
250
172
333
240
164
161
179
186
188
388
150
231
249
208
235
211
160
153
264
161
233
201
214
154
164
150
173
314
234
271
159
168
204
215
197
177
297
255
197
175
150
168
199
164
159
319
153
150
158
181
201
150
250
150
150
171
332
300
216
164
150
211
270
262
150
243
189
165
228
186
158
200
228
157
195
208
205
162
209
335
183
154
171
168
271
169
204
243
284
238
223
293
264
216
286
208
404
204
155
275
183
150
248
241
271
190
159
266
150
270
259
236
181
349
203
192
318
247
157
193
169
245
192
206
268
168
180
150
205
150
194
217
151
202
173
206
256
185
150
172
162
150
249
164
151
270
250
171
329
192
354
220
338
195
259
190
178
208
227
215
295
234
173
177
157
306
171
240
233
150
150
263
155
150
169
262
217
183
210
226
215
150
254
302
399
275
211
341
349
304
350
246
266
177
223
301
183
167
208
159
239
172
258
180
150
152
150
204
213
196
244
165
248
185
201
168
152
161
281
213
195
212
211
184
260
192
176
534
269
187
251
228
296
318
423
152
180
229
239
318
315
150
333
155
197
154
155
204
178
221
167
211
211
267
150
257
348
283
228
156
224
187
190
228
150
177
378
150
253
191
175
255
206
165
172
199
342
188
224
373
150
188
169
312
287
364
237
280
150
179
150
187
154
197
169
188
184
372
150
451
150
314
185
180
150
156
176
237
187
184
155
272
194
223
190
215
375
649
301
263
152
164
166
171
179
216
158
243
191
206
232
196
354
150
174
220
266
188
175
254
185
207
287
194
197
198
188
220
175
200
364
277
186
275
221
210
391
175
235
290
272
264
236
322
207
152
151
293
184
229
231
161
170
185
191
211
177
191
182
283
281
160
171
152
178
189
261
277
195
289
300
339
438
448
191
171
343
361
208
150
163
207
205
232
150
150
169
245
227
202
234
204
165
281
195
234
249
202
234
160
196
160
175
157
157
152
264
150
162
199
242
167
209
289
183
203
222
168
150
228
220
164
252
186
150
194
234
164
218
159
242
152
188
256
233
218
212
150
241
160
156
183
240
167
332
150
192
265
168
150
150
185
259
235
264
157
157
150
376
163
150
266
246
265
241
230
195
217
150
177
165
157
179
207
224
157
167
167
254
176
320
157
150
154
150
169
179
150
216
227
179
252
326
208
160
271
176
257
313
211
180
243
178
154
150
175
155
259
256
169
235
183
160
213
194
150
184
208
196
232
207
246
205
198
163
203
245
188
271
511
192
229
276
257
158
180
171
169
150
195
159
178
201
150
156
188
203
259
206
235
176
158
205
278
170
241
150
150
175
193
158
221
224
181
191
627
380
159
166
200
173
199
150
199
209
156
155
185
252
219
265
165
191
221
269
150
253
202
189
204
150
239
150
223
157
163
197
174
217
351
214
237
202
151
219
247
190
221
214
239
181
164
304
161
437
209
162
173
195
162
173
214
246
181
201
158
155
213
196
177
158
182
150
205
237
157
158
184
241
271
199
160
181
208
198
196
180
213
279
151
170
154
196
187
207
310
243
161
196
206
186
265
260
172
248
302
289
500
250
212
254
172
237
172
296
354
172
281
231
155
177
189
201
190
331
225
191
210
302
177
171
277
171
237
164
273
229
259
191
161
184
150
170
297
304
150
266
294
218
158
171
181
323
220
156
183
175
347
211
225
210
234
150
229
237
179
202
150
199
329
163
159
303
356
162
167
346
185
193
193
151
182
356
321
361
261
442
222
311
239
226
151
155
151
217
243
153
206
212
224
179
222
183
262
184
197
203
178
293
326
204
223
180
242
179
152
150
199
176
313
216
213
284
172
175
150
351
164
241
178
160
150
154
175
200
195
237
150
159
157
195
243
189
182
188
167
150
173
178
171
150
174
339
153
253
248
212
155
245
180
242
182
300
181
303
267
150
230
179
155
177
166
268
170
155
198
184
278
161
236
216
264
175
211
163
166
204
153
203
257
234
270
169
150
224
150
174
229
251
193
252
151
158
227
204
255
175
337
255
150
299
244
231
150
231
446
201
390
390
206
308
308
235
270
201
191
200
215
173
175
192
166
234
252
226
260
180
210
203
190
231
158
188
248
165
181
194
286
247
169
191
177
210
249
178
161
167
235
216
240
195
286
253
179
180
152
275
183
276
188
169
161
307
232
238
262
163
233
226
186
222
211
150
221
150
237
178
189
179
212
194
204
173
279
292
286
203
168
203
226
153
266
280
337
378
240
328
282
210
234
193
220
180
201
223
158
152
229
296
176
157
200
180
173
182
154
193
150
207
201
164
252
222
234
184
161
177
268
167
244
298
241
208
283
170
244
393
274
171
163
179
225
300
159
150
306
150
194
150
180
209
244
168
233
174
240
197
167
185
165
183
150
233
357
274
325
170
156
304
235
156
176
163
192
187
243
227
1063
219
179
362
322
298
186
216
178
210
177
205
277
191
177
160
155
186
225
214
171
165
150
173
202
154
266
260
228
170
208
187
183
161
155
183
167
177
276
230
170
189
165
203
213
226
176
193
172
169
199
300
160
241
169
179
163
165
152
223
174
212
168
245
213
157
346
208
150
199
167
180
179
184
187
197
232
172
206
183
309
233
282
337
150
150
206
184
239
293
275
183
150
189
178
299
298
213
178
227
150
253
167
192
221
155
175
154
165
239
217
192
181
268
150
242
217
150
191
164
156
202
318
150
246
150
187
179
326
211
173
169
185
161
234
178
150
277
219
199
163
186
295
441
217
187
150
235
279
356
188
171
156
206
150
264
272
283
254
150
170
189
209
311
177
286
150
266
236
200
157
200
150
274
364
225
250
216
214
220
208
239
171
340
156
199
189
248
187
158
169
240
150
165
179
205
170
269
150
201
216
259
155
290
260
153
217
227
209
235
153
150
164
198
161
247
184
173
171
220
203
195
265
163
166
184
305
166
180
190
168
241
203
412
231
213
213
202
200
480
161
261
239
168
233
193
270
327
251
208
209
183
189
205
208
225
154
150
187
269
271
163
188
252
248
211
150
192
303
199
217
243
168
166
192
262
198
171
277
287
177
216
157
241
167
165
282
200
155
177
204
192
175
219
205
210
159
300
150
172
150
179
205
243
218
153
167
263
150
150
162
150
222
315
394
365
364
191
214
241
275
193
190
161
190
183
239
259
263
190
189
196
231
188
185
175
219
200
174
150
180
150
160
170
175
173
153
209
263
159
162
242
271
218
222
201
162
285
280
153
204
216
247
245
200
253
151
205
215
205
420
259
207
187
209
161
173
155
150
156
150
238
216
190
180
242
291
216
152
151
150
321
157
211
173
152
275
298
183
171
188
204
154
198
297
150
165
169
150
205
188
231
234
261
216
151
332
232
264
233
212
186
151
175
169
264
179
154
201
408
254
206
273
150
201
185
178
212
215
182
171
176
258
243
176
211
150
206
152
258
212
228
201
153
330
232
153
257
248
348
169
192
150
169
189
302
243
206
430
229
190
168
219
154
188
168
214
187
267
161
209
164
175
224
665
150
150
262
195
249
164
150
168
170
150
217
280
206
229
246
219
160
168
255
249
339
220
162
211
212
312
242
258
280
213
343
216
198
224
188
154
263
291
246
304
161
242
212
165
230
192
239
157
158
219
240
213
172
150
192
292
202
150
153
219
202
239
229
221
169
277
150
176
234
195
496
314
328
174
235
150
217
428
345
173
153
150
222
222
213
254
206
206
159
280
188
155
264
237
164
246
179
239
183
168
219
252
325
390
176
224
237
204
215
161
209
201
176
208
252
155
229
150
184
168
312
300
152
179
263
197
181
290
242
215
166
262
220
265
191
150
156
235
188
270
214
331
214
185
187
154
235
156
243
176
250
250
275
188
443
424
183
371
347
172
232
181
202
150
170
213
196
182
194
430
341
292
229
164
277
423
150
248
173
300
225
231
150
231
225
158
201
152
162
169
233
203
197
295
150
220
265
246
229
237
247
168
253
200
270
379
227
158
201
237
415
390
441
311
320
269
187
285
379
268
184
162
203
163
159
209
209
152
172
250
150
195
170
150
176
155
224
299
182
253
455
203
216
165
150
150
300
163
179
225
200
164
306
382
179
286
155
186
206
218
199
185
217
233
203
177
258
212
241
260
300
330
247
438
263
158
196
316
191
197
211
194
189
163
182
158
229
222
389
197
151
150
249
150
236
152
155
200
345
338
250
322
293
470
171
177
163
322
328
277
169
185
273
210
254
215
240
229
186
150
157
322
172
200
167
268
228
212
150
201
385
336
203
344
346
193
251
225
168
150
203
270
166
188
226
150
201
211
163
197
242
156
153
154
374
262
194
245
196
162
150
150
298
150
175
395
216
407
200
284
252
220
157
319
293
159
165
156
211
157
171
173
233
189
154
255
150
173
242
184
274
339
156
292
280
202
150
293
244
224
150
181
195
191
150
272
234
258
150
409
294
197
337
216
155
321
705
246
283
445
402
161
199
188
171
150
222
168
150
163
392
165
217
279
158
159
237
162
220
180
160
152
263
150
379
233
232
191
171
258
238
241
184
210
259
187
187
176
150
151
157
150
257
168
169
353
400
363
150
150
241
211
359
172
160
291
199
189
247
150
156
153
158
352
252
208
352
188
609
150
199
242
155
345
206
308
238
271
150
420
155
196
367
308
611
158
150
179
164
253
152
201
227
171
316
171
152
164
212
274
169
152
150
175
210
207
310
189
155
319
178
241
308
190
178
150
446
182
167
150
194
193
178
254
150
232
155
233
209
255
254
150
211
294
225
234
206
151
152
375
224
256
247
207
235
267
396
207
221
168
239
234
310
302
229
206
259
204
172
215
207
218
150
243
182
224
163
167
195
243
230
443
157
188
156
183
195
329
188
241
366
326
320
198
194
228
177
212
181
203
325
166
180
342
250
353
282
191
171
176
162
160
286
198
150
165
237
150
302
206
150
235
177
150
205
244
278
192
247
263
480
235
199
181
342
179
322
198
254
160
267
492
274
157
193
184
166
201
188
174
158
226
245
197
290
270
200
173
350
253
226
380
156
180
215
150
227
176
194
163
150
339
197
252
263
193
229
182
206
184
272
180
195
249
150
487
315
227
151
163
255
215
206
193
337
241
275
175
152
240
285
177
167
171
190
202
216
150
157
151
163
159
185
163
231
180
233
150
302
233
179
153
432
267
306
221
316
348
215
390
155
150
220
209
285
150
215
264
238
186
184
178
226
179
266
192
152
328
158
213
228
171
256
179
209
196
234
213
215
216
206
150
182
340
171
263
218
150
207
360
181
343
336
181
150
318
290
157
234
163
175
165
150
186
183
150
256
155
285
151
184
160
202
214
198
215
172
270
278
194
199
150
151
174
222
278
167
190
247
219
150
197
353
300
240
296
281
178
323
150
191
150
328
186
153
160
186
224
182
259
187
236
171
243
206
193
370
162
235
254
180
166
239
162
186
150
309
245
247
241
229
166
261
178
266
164
191
153
289
307
150
168
240
155
205
173
173
164
310
276
333
196
321
377
192
174
193
157
187
281
201
168
168
245
170
190
232
392
191
234
191
198
313
159
150
150
233
171
220
155
326
153
151
151
254
159
230
223
232
222
441
255
199
171
174
245
203
215
192
177
205
159
150
250
185
177
170
229
208
280
205
192
193
214
244
150
193
223
150
155
205
199
150
219
238
240
219
198
279
174
274
316
298
166
171
176
154
238
260
324
154
290
242
201
150
233
250
181
188
268
237
248
151
209
202
164
168
161
209
219
277
202
182
448
200
184
336
168
175
208
288
152
361
230
205
320
171
184
380
222
256
436
227
271
150
209
190
243
196
170
228
299
408
154
201
203
256
331
254
331
230
186
249
179
331
237
162
173
381
220
168
264
150
160
152
364
150
257
274
150
248
179
283
488
216
161
273
226
237
211
244
173
216
281
150
158
165
216
169
169
150
341
247
338
205
268
232
391
274
166
173
163
150
150
224
150
303
193
163
150
297
188
191
183
150
322
283
308
223
156
193
257
301
212
336
150
244
356
220
150
429
170
158
167
191
169
165
174
271
309
174
210
150
275
227
187
299
252
173
161
150
217
211
245
241
171
150
190
176
230
399
150
293
157
269
172
150
283
272
282
154
161
231
161
192
263
150
171
153
165
164
264
275
246
283
231
187
163
166
160
175
295
166
274
200
248
172
153
224
164
196
316
176
150
241
218
286
179
410
224
341
758
186
636
258
304
216
198
193
230
171
182
164
183
276
169
181
231
163
150
163
243
295
241
198
155
263
243
152
304
153
194
176
189
200
319
238
244
236
194
189
179
197
269
199
291
191
316
464
281
150
258
185
172
150
187
167
186
330
188
164
159
285
345
187
314
164
213
232
152
174
217
181
159
189
150
261
169
169
288
155
249
154
166
391
334
165
267
195
201
159
155
226
151
247
159
236
150
229
239
211
303
196
227
282
177
223
193
186
221
217
206
285
724
638
150
210
279
161
150
267
247
160
220
197
198
353
263
155
252
198
157
190
247
163
292
214
150
333
254
150
168
166
151
241
197
153
226
228
183
190
400
269
206
176
238
244
155
225
177
189
150
181
150
167
300
162
176
211
151
150
174
237
224
363
350
237
205
150
159
169
183
260
200
229
165
186
191
402
150
162
164
214
293
159
185
157
261
240
301
172
213
226
380
173
250
188
261
249
229
233
264
187
236
159
292
213
250
158
175
285
268
171
182
175
220
252
265
150
219
377
205
247
209
204
237
387
310
236
153
200
214
150
344
198
243
150
188
150
168
231
191
157
228
177
313
150
249
164
254
185
273
299
211
358
320
363
229
171
172
150
275
177
211
182
154
150
178
239
161
203
256
214
196
219
162
390
177
241
205
189
170
166
253
176
165
220
221
347
209
165
259
191
227
193
488
163
163
240
183
225
220
211
178
171
205
150
210
217
305
217
229
183
168
158
152
220
275
150
150
158
400
303
150
194
231
174
220
524
177
164
158
150
162
194
195
164
209
204
150
275
195
150
211
150
165
176
236
174
278
206
227
184
367
172
252
304
286
334
170
219
203
245
280
167
150
188
436
225
226
165
175
214
150
160
150
150
233
279
285
205
182
168
332
214
222
196
498
200
214
231
237
153
169
170
248
174
674
241
309
842
404
403
348
254
185
155
179
295
158
195
366
265
203
150
186
173
158
256
187
212
250
333
179
168
236
211
184
178
177
265
227
212
348
167
342
338
195
232
178
211
157
254
394
366
197
163
155
241
167
250
237
179
213
194
223
161
150
150
150
246
194
283
223
172
194
162
272
204
190
205
152
319
209
370
189
164
225
206
207
166
155
226
170
222
198
150
318
216
150
212
158
193
214
268
164
160
163
228
244
307
292
300
190
176
261
193
232
193
158
198
206
170
159
176
198
160
226
195
212
253
200
210
273
182
202
239
152
150
187
157
196
180
172
184
183
189
292
212
155
170
187
175
244
194
281
233
233
150
155
171
216
160
250
245
214
158
183
190
378
150
176
290
205
271
212
254
183
173
166
162
224
236
206
163
275
253
266
242
173
166
179
155
219
151
201
180
150
261
211
167
159
241
165
187
192
207
150
230
257
150
226
222
170
240
182
199
241
195
197
152
197
166
186
190
226
266
210
150
172
212
196
188
150
150
150
194
230
236
286
306
192
158
201
189
207
229
164
150
191
238
209
268
225
167
201
159
171
156
195
210
269
223
244
185
262
187
150
178
225
249
150
150
160
314
474
150
150
173
214
224
245
273
150
171
213
236
166
194
226
207
209
206
166
231
316
242
187
194
231
178
247
175
203
170
255
246
218
190
150
289
301
262
373
197
171
258
154
160
171
154
192
269
228
180
193
256
211
164
250
218
260
161
157
159
177
168
191
150
178
177
150
163
224
199
228
274
178
162
333
249
245
197
228
198
381
333
159
323
274
201
246
385
178
153
150
209
256
278
150
293
150
238
365
171
150
201
254
298
207
183
231
150
233
202
209
273
257
301
205
190
493
182
150
255
185
185
161
176
152
179
153
253
165
230
348
286
267
163
252
175
319
352
150
202
243
187
261
236
193
162
211
280
170
186
240
221
178
264
246
316
169
507
358
172
209
177
236
220
201
281
392
365
174
205
262
200
243
152
167
230
244
244
259
161
332
161
250
176
150
150
150
266
252
246
261
155
266
288
157
222
166
218
208
150
178
185
150
264
171
279
171
208
187
247
150
240
153
151
156
150
282
203
358
183
175
170
179
436
289
152
163
344
189
238
228
281
190
192
217
310
301
209
205
202
316
261
315
177
151
150
169
150
181
210
150
235
160
232
231
279
272
175
231
377
277
210
164
220
250
209
318
153
220
248
227
188
188
209
150
226
150
241
255
176
180
153
322
173
193
223
290
305
201
304
200
253
199
155
214
194
156
349
279
230
162
160
211
250
150
155
373
191
183
263
213
263
192
190
223
150
150
189
199
259
238
231
225
186
238
180
160
167
285
173
223
252
217
158
162
166
347
190
172
150
266
172
295
293
206
166
278
242
171
247
227
190
188
162
251
245
198
331
150
342
181
151
540
236
267
150
176
223
199
170
234
182
183
352
231
211
222
184
157
330
192
198
187
269
168
265
239
181
158
150
253
176
204
244
216
249
208
450
189
175
291
215
193
314
150
234
317
241
259
210
156
207
195
186
160
398
301
181
220
230
175
296
223
166
160
269
355
150
400
150
194
268
381
226
198
254
216
318
262
317
194
165
266
183
201
194
313
280
206
235
190
150
215
246
157
308
188
330
242
202
411
248
195
255
209
352
235
150
217
196
177
160
173
178
197
181
176
187
307
159
175
186
186
150
217
240
181
223
150
186
315
216
288
245
189
566
217
150
198
177
169
150
179
231
269
290
150
218
152
219
203
285
218
174
150
188
340
291
247
229
185
174
317
215
182
296
166
172
180
162
150
150
238
232
164
251
228
150
176
300
282
269
251
173
292
199
174
214
183
161
153
252
195
170
256
166
219
225
190
196
258
177
253
195
150
155
236
274
215
177
179
198
177
166
170
150
202
197
253
221
175
282
208
275
214
259
176
468
243
162
159
213
288
290
372
519
247
170
171
225
240
150
219
263
198
249
222
198
253
252
216
166
240
257
216
307
150
160
262
203
150
165
252
339
273
151
178
274
150
210
283
229
179
304
319
245
203
203
174
176
150
202
153
167
266
150
168
303
219
231
156
175
193
226
184
226
164
151
219
303
298
247
266
199
232
201
199
219
202
184
177
158
214
189
194
150
195
179
151
454
208
160
184
250
233
248
170
177
204
166
547
150
150
220
160
222
255
245
248
229
150
189
280
176
153
240
269
230
150
230
150
173
246
168
220
183
169
208
241
246
268
190
295
252
221
302
215
196
219
280
221
189
296
175
200
228
229
238
307
182
189
249
150
186
347
231
262
234
204
205
150
217
228
184
150
162
175
175
333
277
247
199
499
194
220
193
239
211
202
180
170
181
178
174
221
185
150
160
182
229
264
207
272
155
183
282
185
160
171
214
226
155
249
203
167
157
174
178
295
173
194
246
191
268
153
180
233
200
174
172
192
191
175
207
160
189
150
229
163
151
216
191
178
279
238
312
168
176
161
156
205
215
202
150
183
279
254
175
237
172
277
211
323
317
199
160
184
228
279
170
174
268
415
199
168
216
233
166
165
173
172
186
169
150
153
154
248
196
183
184
205
195
226
163
215
305
237
150
230
204
200
211
188
217
238
150
171
258
176
178
254
160
302
254
215
210
259
192
257
158
150
170
243
161
330
350
165
324
314
199
150
236
238
317
193
204
260
253
172
276
205
150
172
251
335
164
159
161
170
152
193
254
171
213
186
172
190
195
267
304
218
201
165
255
492
195
238
252
248
156
223
206
183
201
203
193
304
170
182
192
150
226
259
158
164
274
259
239
305
208
208
196
206
186
197
285
154
202
213
167
199
232
373
164
175
150
422
156
202
168
182
230
163
175
246
223
150
342
225
352
367
186
179
187
188
236
178
188
231
291
160
157
231
335
150
299
157
201
150
239
292
176
352
236
182
156
241
224
279
159
175
237
152
150
255
183
204
189
173
173
236
186
193
163
186
246
247
294
242
252
181
266
198
325
220
206
155
185
168
286
204
222
223
150
211
159
187
187
171
165
265
180
230
155
329
209
207
304
247
209
160
333
207
167
462
155
216
228
219
222
158
230
223
201
260
209
158
241
192
219
226
230
177
150
150
194
243
309
273
237
200
393
174
155
226
207
150
191
193
211
252
206
215
429
151
224
158
239
197
172
229
150
306
201
253
197
152
290
188
307
243
205
189
150
490
230
214
171
235
254
154
213
178
280
180
239
176
225
152
172
181
424
210
255
160
228
155
174
210
220
256
235
225
211
166
224
179
166
169
163
210
187
252
174
163
191
222
162
150
154
185
277
226
163
222
208
168
225
163
150
159
212
225
224
317
238
189
228
339
212
307
175
165
160
161
161
154
171
204
212
261
159
163
171
185
161
226
178
269
183
164
348
274
178
191
210
233
178
177
294
343
369
285
209
272
189
150
299
225
164
190
168
196
153
197
175
162
173
233
162
188
214
184
203
156
179
163
187
154
178
262
161
189
161
228
150
150
186
225
164
173
204
225
170
400
150
229
276
156
306
178
216
369
174
219
196
197
183
227
320
151
166
184
224
168
460
151
260
150
259
192
150
248
247
287
154
282
188
376
164
197
260
183
222
168
218
253
186
271
213
220
202
196
176
167
211
211
169
194
259
221
164
282
200
225
492
221
150
305
211
201
185
228
169
156
235
221
180
203
225
261
150
150
197
191
242
258
274
238
188
289
228
280
260
150
150
214
203
166
183
177
218
164
154
183
170
150
170
195
150
195
220
180
198
185
153
187
192
244
157
183
242
232
150
158
209
242
197
261
152
215
226
150
153
203
167
253
268
166
256
253
172
180
168
178
259
224
161
212
227
155
295
189
227
178
168
189
159
176
150
150
175
234
245
298
150
227
187
277
150
181
230
239
169
162
267
153
236
445
273
183
198
166
218
282
150
163
166
282
259
196
252
264
166
167
197
198
177
168
180
208
233
234
257
150
179
165
233
185
167
250
167
179
242
200
231
191
172
211
193
205
202
222
220
187
207
178
164
205
198
186
210
158
169
164
187
197
207
176
154
151
209
159
200
157
250
197
226
235
175
266
150
261
305
229
194
207
170
176
204
227
218
180
204
263
184
1755
186
213
179
220
268
190
150
190
197
192
166
224
384
197
150
164
152
200
156
162
150
229
199
360
150
189
259
190
251
209
196
207
176
150
289
294
207
242
160
279
150
231
182
206
183
243
226
299
248
242
153
250
167
218
230
193
171
190
270
207
169
195
378
190
185
518
183
152
171
175
155
273
361
237
193
165
291
224
235
170
191
272
317
168
190
199
208
190
240
216
222
208
150
203
211
189
168
326
152
393
215
267
169
189
244
231
200
228
235
221
308
150
180
252
222
309
155
173
170
253
218
313
161
166
184
222
150
179
162
290
241
214
150
186
193
239
163
194
250
197
214
230
212
183
269
164
151
150
192
162
232
262
150
191
158
150
191
171
207
227
185
150
160
192
191
213
202
496
237
162
167
231
210
218
158
217
224
157
171
170
168
289
244
150
150
178
311
242
299
163
150
327
391
169
236
178
197
160
154
195
245
258
229
171
283
179
175
178
193
183
169
150
194
276
305
190
150
233
174
170
169
150
150
232
183
231
262
187
193
231
270
266
153
158
152
176
241
151
191
164
282
197
234
253
294
150
150
270
166
205
150
301
172
265
191
151
219
153
271
182
237
275
292
154
153
195
175
193
214
184
209
172
191
206
160
222
179
203
283
150
217
234
197
213
264
153
214
162
180
259
253
168
262
253
180
152
161
211
406
219
178
360
188
157
221
177
154
159
168
212
168
150
211
255
186
151
215
282
289
252
186
193
187
151
213
208
162
252
155
157
150
227
299
268
176
160
227
264
202
209
231
264
277
233
187
159
221
150
150
342
264
227
190
180
184
212
187
189
240
190
275
166
253
182
230
179
176
284
374
166
222
166
175
226
237
243
273
355
195
281
235
247
172
166
266
173
251
223
290
174
259
211
189
178
194
150
205
156
166
150
154
165
192
307
284
306
215
183
295
152
150
166
193
165
198
170
171
337
315
150
177
226
223
210
158
186
153
247
159
168
238
248
228
198
187
345
283
332
162
206
257
212
167
228
186
150
207
182
189
161
157
193
288
227
154
150
267
381
201
324
181
150
161
150
169
150
237
178
160
172
150
214
235
161
166
280
562
229
181
662
317
154
150
233
203
311
769
225
320
347
190
209
178
275
157
193
355
227
159
246
294
150
175
310
196
171
258
255
197
243
609
150
278
237
193
185
166
161
233
265
159
221
151
187
284
205
185
220
306
171
160
150
192
207
150
197
175
193
245
306
209
256
238
239
201
196
150
178
150
247
150
188
235
154
214
208
214
153
183
211
268
264
363
232
216
268
238
150
192
151
222
220
223
176
248
192
297
174
187
373
183
252
168
256
163
225
288
154
157
181
188
369
272
161
159
157
205
160
168
168
157
162
156
203
152
222
150
186
156
175
186
187
184
169
214
155
168
154
151
242
177
176
187
209
250
188
152
158
312
159
204
180
173
181
178
209
150
185
153
191
217
192
273
259
163
255
151
246
275
270
272
394
176
171
267
174
451
250
150
233
345
210
451
273
364
515
178
385
478
161
171
232
170
221
150
264
150
169
158
201
172
150
164
150
223
207
150
202
295
286
433
565
186
231
150
172
190
201
202
230
389
284
280
155
273
182
179
164
167
396
150
238
173
255
150
275
152
181
192
193
188
220
177
206
169
186
150
233
193
251
195
150
173
160
276
213
251
177
161
302
230
153
575
161
544
3343
215
172
208
219
198
190
212
194
211
212
150
214
163
248
150
169
255
225
163
150
242
171
193
155
187
179
182
292
187
204
173
167
150
195
215
161
214
178
150
150
274
217
227
315
153
259
188
189
246
190
266
322
167
211
161
212
153
150
165
155
242
199
186
165
255
213
158
183
248
217
301
248
295
182
163
186
278
237
150
176
184
181
165
238
325
207
150
280
163
283
270
281
203
263
194
213
198
160
163
168
153
317
170
172
165
171
374
166
160
295
300
196
168
197
278
201
150
180
183
254
185
150
246
176
242
289
197
178
150
177
276
193
220
205
222
299
165
169
181
163
200
174
154
166
153
229
213
235
279
180
199
170
215
187
150
293
231
164
189
238
150
160
150
310
271
316
207
152
176
212
242
455
168
261
205
283
221
196
153
150
343
342
189
165
171
180
170
198
171
217
192
150
301
224
271
245
256
150
288
174
150
172
200
188
150
170
212
234
158
160
207
337
255
232
152
268
332
163
291
159
190
230
154
233
205
187
150
239
241
168
202
376
154
154
150
152
221
192
200
179
227
200
189
195
214
151
226
179
224
289
187
222
150
259
162
249
164
193
212
296
150
154
235
246
196
150
277
205
253
188
195
213
187
153
178
181
199
226
183
202
187
193
186
192
218
305
180
235
395
252
158
179
182
189
176
151
298
294
150
150
206
173
150
231
230
160
355
214
150
161
220
184
291
173
254
185
152
231
175
183
150
206
284
214
280
199
264
187
198
163
151
167
197
225
154
252
157
286
273
155
236
250
166
154
180
233
200
253
150
198
153
222
239
331
198
162
186
166
167
151
157
241
161
231
168
150
165
160
245
383
167
213
150
195
342
343
316
208
263
260
178
350
371
357
231
215
189
190
150
193
221
190
170
150
211
233
238
326
249
186
154
150
234
183
151
202
178
170
183
260
177
189
207
191
229
189
328
247
196
169
150
219
151
180
226
197
243
171
319
365
234
159
151
201
163
201
250
214
163
246
150
157
185
234
315
189
254
171
482
255
1037
444
152
220
250
229
198
177
153
205
150
240
162
161
358
252
279
162
295
297
150
177
178
150
180
243
184
206
162
195
234
175
216
244
250
184
272
248
253
188
275
160
150
266
226
211
265
157
188
176
345
182
201
155
344
297
174
159
229
151
181
248
198
235
156
178
168
211
168
174
168
186
175
197
161
340
230
351
191
173
167
171
191
309
200
166
205
187
188
193
165
466
248
230
161
198
239
188
182
201
286
150
153
157
199
190
160
158
373
151
165
150
152
163
256
150
177
166
196
159
172
150
169
150
269
178
175
165
167
189
262
285
154
189
153
208
249
178
180
150
231
200
251
202
203
223
177
178
211
302
309
293
313
238
207
283
186
202
195
170
254
186
169
176
218
232
151
150
202
181
167
205
166
166
183
174
197
177
192
239
177
239
189
214
152
161
150
186
194
160
191
159
175
208
153
202
189
208
228
213
158
224
266
264
218
185
162
185
187
256
299
151
187
223
216
180
256
159
150
310
176
333
185
150
266
226
197
286
206
196
290
320
243
269
262
186
151
175
211
161
165
272
242
240
160
226
200
163
178
193
207
194
158
210
150
183
243
263
208
248
218
161
202
158
195
241
248
225
215
180
344
266
183
161
241
321
254
198
219
193
189
153
174
166
156
150
155
293
351
180
174
590
156
152
179
347
150
234
308
178
181
283
232
190
314
169
258
163
184
159
270
292
167
182
212
232
201
197
185
323
196
240
293
240
232
274
203
260
254
150
155
377
209
379
390
308
265
207
232
226
162
186
200
355
304
426
230
160
211
208
179
489
227
213
247
249
396
340
276
436
225
233
180
209
150
265
195
226
155
280
162
254
358
312
238
250
428
161
164
273
179
325
290
191
287
447
258
240
179
334
424
159
162
303
181
210
177
243
205
211
257
216
259
193
150
285
256
165
181
235
165
150
187
183
399
514
199
249
154
150
317
172
260
150
313
208
275
164
194
162
152
319
229
198
155
231
229
150
309
210
228
226
173
171
150
150
277
225
313
319
160
156
150
283
177
189
185
222
229
168
151
150
191
184
208
150
197
239
298
174
250
222
224
284
207
150
184
175
150
151
177
158
152
300
203
195
279
180
189
220
234
364
323
204
184
239
306
226
150
330
159
230
308
179
201
251
216
262
165
166
308
184
205
197
213
150
150
163
227
320
235
222
191
173
175
154
351
218
154
201
210
197
188
255
265
230
150
150
215
244
237
173
179
208
154
284
189
274
167
156
237
438
161
153
168
198
270
220
222
282
184
155
278
216
150
162
250
323
308
154
150
212
220
256
183
195
218
152
204
216
190
260
178
248
289
226
168
225
222
216
170
162
150
163
185
352
230
179
300
228
280
198
153
231
205
284
154
219
245
162
160
229
198
158
183
271
189
378
195
207
234
220
200
162
207
164
180
239
159
239
178
174
219
226
183
239
169
254
161
225
266
150
150
255
154
241
163
204
157
173
189
267
248
159
224
174
210
152
194
325
193
299
336
150
213
152
199
186
188
224
225
177
179
151
152
226
311
161
229
266
235
296
154
150
203
220
185
180
225
320
183
179
157
181
159
207
177
228
175
158
167
276
172
286
183
171
211
173
237
167
230
236
179
362
156
200
218
206
284
334
176
178
211
221
155
211
217
176
266
170
195
155
187
209
336
269
184
340
229
189
205
199
241
219
210
211
244
166
150
150
153
322
217
186
322
162
163
256
156
150
375
247
162
261
188
273
228
160
157
177
155
182
205
362
177
170
156
165
250
195
351
214
224
160
249
150
155
150
150
300
201
236
184
205
154
186
209
187
224
230
235
179
238
202
152
264
150
153
157
170
217
221
185
226
222
214
150
193
163
168
160
151
174
186
234
312
316
168
152
185
185
150
178
183
192
185
285
292
150
217
284
204
350
203
150
188
373
183
217
171
150
212
219
206
176
218
249
157
302
211
176
167
250
223
189
204
227
197
212
229
292
407
247
163
162
328
183
153
174
203
239
179
223
363
223
192
227
204
277
244
150
170
170
206
286
214
206
194
258
172
203
194
176
205
170
154
177
275
181
156
162
185
170
150
150
211
171
183
162
177
181
198
227
151
186
228
151
195
183
199
331
257
191
156
170
284
182
189
241
277
220
292
191
215
168
237
235
236
150
202
165
182
272
321
199
229
318
254
286
254
156
164
359
199
197
176
222
211
150
155
165
151
150
281
209
308
329
291
271
163
182
218
284
213
218
175
320
150
185
172
194
208
150
226
190
184
236
231
151
204
173
150
150
209
250
161
168
199
165
166
150
198
170
257
179
218
179
229
195
252
197
313
200
151
224
258
232
191
187
248
212
150
278
278
242
197
208
236
239
216
209
150
302
192
159
209
153
162
167
211
326
297
191
150
206
196
196
334
150
229
281
229
256
312
173
156
163
227
150
312
199
389
271
212
492
247
379
187
150
240
185
299
204
174
340
153
231
184
224
187
216
9242
7260
356
191
183
155
170
179
157
280
1084
366
282
212
329
567
368
360
441
541
449
155
150
436
171
249
207
185
443
658
155
255
275
226
346
517
283
150
248
188
269
214
509
156
202
525
322
276
617
364
985
748
543
2168
1329
438
156
739
565
1202
562
429
752
176
174
199
159
183
232
260
259
165
210
218
229
211
150
304
161
150
296
257
168
170
249
266
175
167
177
205
165
150
209
208
250
226
181
189
160
170
158
168
150
272
502
179
170
248
150
177
180
167
150
153
230
193
298
205
214
150
163
213
345
235
165
218
172
192
155
151
170
173
218
238
276
238
202
264
150
212
202
223
231
311
178
157
153
196
218
150
161
162
152
198
181
150
258
247
150
152
199
197
239
150
208
174
185
184
150
206
292
239
150
204
150
166
290
201
150
187
168
202
150
196
256
158
219
218
220
258
202
172
230
160
169
228
151
175
172
188
154
155
167
193
325
173
237
193
189
178
162
164
182
196
158
150
173
218
364
155
232
152
194
150
258
187
190
150
236
188
213
151
295
166
173
206
213
198
176
182
190
155
168
197
273
188
210
236
351
