872
240
737
319
447
249
462
484
207
205
649
227
208
182
292
229
183
450
207
238
182
213
239
279
226
287
275
182
294
427
475
196
230
255
280
252
522
552
342
532
223
345
913
264
252
227
370
468
291
218
260
197
242
282
359
484
681
207
267
200
299
253
466
350
360
435
205
228
189
400
385
208
256
406
185
217
182
282
196
228
278
231
339
260
182
263
239
463
421
347
194
215
234
267
419
201
369
237
300
1155
690
300
309
302
270
275
288
332
278
267
197
265
221
390
321
270
230
347
522
217
184
250
235
324
394
222
309
182
183
209
234
182
183
485
240
431
218
285
231
445
297
399
505
418
202
532
416
413
475
453
241
182
221
306
183
683
182
232
390
407
267
225
313
262
262
238
202
210
291
211
258
207
201
247
316
332
209
272
305
196
386
182
312
273
184
221
206
190
375
285
208
276
221
391
484
263
207
301
265
220
234
393
190
264
283
269
361
192
294
202
251
182
182
404
527
251
189
334
341
238
191
188
239
284
193
428
185
474
182
281
197
182
252
324
315
394
339
470
497
249
280
423
328
214
270
182
232
337
392
304
321
282
356
208
281
367
220
203
272
421
238
288
341
382
389
265
340
214
266
247
308
256
457
245
390
230
444
444
286
440
229
208
245
182
396
229
245
326
285
194
333
182
299
182
216
217
187
349
301
334
324
235
368
341
241
252
182
481
267
453
379
310
248
277
215
221
197
221
282
223
217
186
239
202
207
375
190
228
200
189
196
240
217
240
182
190
481
190
384
309
216
275
305
277
215
376
200
416
230
286
337
287
230
325
280
251
210
220
183
332
198
371
279
266
379
425
208
191
206
231
309
445
198
278
194
237
443
197
199
487
399
414
239
232
483
222
227
236
344
293
409
206
309
311
184
303
229
199
283
297
229
253
221
215
279
448
190
871
304
374
210
251
423
376
328
195
293
277
238
372
458
281
182
256
187
313
254
190
235
187
182
320
255
182
226
322
231
182
218
218
315
262
373
215
343
271
248
252
238
201
182
465
289
316
300
255
260
515
291
234
559
339
218
354
222
300
288
335
450
248
237
273
182
224
316
213
232
320
271
211
289
219
278
256
191
344
230
397
182
291
352
488
296
265
259
540
182
228
275
315
240
221
308
231
327
369
266
271
278
509
204
321
240
323
276
215
182
370
188
182
283
486
372
253
302
182
245
209
544
320
254
283
328
334
313
243
385
643
199
197
272
224
270
380
193
281
183
355
888
214
237
380
216
472
330
325
192
233
311
207
296
236
276
196
196
264
293
237
232
491
182
304
304
182
197
245
275
229
387
213
247
206
411
193
296
301
375
338
351
490
366
277
229
349
260
215
250
276
182
275
182
182
182
283
292
204
345
351
307
231
329
218
236
237
182
203
263
254
197
257
302
182
193
309
227
289
291
332
299
288
504
315
251
349
202
433
199
226
182
331
234
331
192
213
235
204
248
315
331
314
186
505
287
352
231
276
347
248
238
236
245
194
229
340
212
246
417
447
686
555
272
223
339
299
182
349
436
337
280
235
386
350
182
356
228
363
337
214
345
259
242
182
208
340
278
245
280
208
207
230
439
184
226
218
190
233
252
207
226
452
305
341
195
226
268
194
445
192
194
224
324
317
185
295
214
291
353
237
182
208
223
295
242
478
245
669
452
610
233
206
292
182
404
235
253
234
198
190
477
367
271
276
231
318
360
369
286
242
432
201
197
298
318
215
226
182
258
182
207
355
296
195
356
265
484
436
184
362
354
287
380
282
216
221
322
510
252
345
485
346
334
215
197
317
213
188
512
1072
461
327
257
216
378
385
255
270
182
331
1492
303
279
185
254
275
255
291
196
280
468
218
555
481
411
182
238
371
279
214
235
256
238
384
232
407
449
371
196
234
330
266
372
322
231
215
235
344
208
323
324
388
182
266
294
394
244
245
242
250
438
182
233
223
249
387
206
264
182
331
259
182
359
218
632
257
355
296
182
211
182
396
317
241
198
182
182
293
200
214
238
267
187
260
366
199
274
182
241
433
260
209
258
280
331
251
328
310
261
263
311
219
272
251
359
182
182
362
296
332
236
235
579
196
364
208
338
365
308
352
320
182
407
214
249
399
421
532
409
225
276
311
259
249
232
271
285
407
343
182
193
302
590
336
193
209
233
342
463
290
389
225
328
294
422
337
246
540
316
246
182
256
739
182
258
271
251
367
311
363
362
231
183
344
297
762
260
272
192
239
403
308
196
224
217
182
355
251
205
206
451
403
295
348
335
380
343
235
308
296
188
233
222
258
238
246
219
244
466
471
519
384
327
637
185
448
225
264
373
232
332
349
493
425
365
338
342
249
188
208
222
304
413
211
292
552
229
333
183
469
182
182
255
191
392
261
292
236
257
193
337
191
216
225
260
189
207
311
386
214
214
249
219
182
293
299
209
366
253
182
198
220
228
367
228
293
301
182
208
546
182
561
326
263
210
221
208
185
323
208
189
259
270
258
415
369
182
332
353
215
353
288
189
182
182
356
247
217
298
202
286
292
193
459
189
376
277
260
488
188
392
354
205
350
271
314
379
243
300
198
210
278
198
292
183
415
260
903
307
213
261
190
233
244
437
281
283
211
601
574
472
221
249
214
182
385
228
271
460
263
379
364
394
208
210
377
236
360
279
230
182
261
530
220
229
211
398
602
382
319
309
329
229
218
222
305
318
478
289
381
474
269
336
604
230
341
430
214
223
564
223
237
298
197
233
314
357
184
254
337
221
320
215
213
397
321
245
403
185
337
386
197
204
207
321
182
365
198
196
256
662
692
300
328
371
340
182
400
195
198
317
633
299
372
182
370
291
216
256
541
192
225
202
323
227
202
323
287
285
658
243
205
235
429
212
402
261
232
319
182
284
199
455
196
303
294
186
218
182
537
261
319
324
182
321
211
245
309
355
226
182
268
244
219
265
592
256
608
324
687
270
182
238
424
373
336
213
373
189
280
182
352
362
205
217
182
199
245
292
232
229
288
296
376
410
351
385
287
253
182
234
537
286
290
300
313
286
435
325
218
254
311
261
189
642
288
236
184
460
280
346
293
199
236
219
274
215
244
401
290
186
449
221
219
218
350
297
347
267
221
485
215
182
350
196
182
187
229
340
314
331
326
279
251
212
424
215
465
247
208
378
348
260
352
342
341
314
221
241
704
559
357
214
201
411
200
353
618
291
277
244
253
213
197
263
338
200
357
227
228
298
183
259
201
182
294
317
249
395
378
232
241
400
625
751
246
191
184
190
182
322
220
432
331
196
352
185
214
515
251
249
365
387
182
465
193
196
392
296
360
205
274
287
352
230
273
270
243
264
250
221
198
278
522
189
316
428
339
296
392
182
243
469
290
248
232
247
243
184
320
294
191
410
412
249
354
236
247
237
268
341
303
371
378
320
182
437
331
263
243
264
291
249
401
466
295
332
182
300
476
307
317
337
426
404
232
353
210
194
214
326
188
270
182
331
395
251
280
197
182
283
196
243
298
341
212
462
1021
693
452
236
341
310
264
261
198
362
278
318
190
360
182
191
251
458
424
609
289
203
566
269
240
215
486
380
469
182
739
210
182
390
254
376
278
216
185
221
232
182
215
422
736
225
290
274
429
209
186
485
233
210
194
241
287
418
253
352
279
199
274
224
248
237
345
229
201
340
218
246
236
187
376
273
196
201
279
236
288
219
182
227
267
460
261
419
268
182
339
275
348
243
273
182
268
304
326
300
429
212
258
421
221
184
191
245
373
239
393
236
287
397
326
304
315
360
292
448
469
182
313
303
253
457
194
277
183
287
401
351
581
540
311
275
201
578
427
355
548
253
337
545
318
286
574
454
273
458
616
221
413
402
581
302
285
188
315
497
285
302
190
235
309
295
316
187
318
462
767
331
926
536
182
184
259
299
263
330
355
217
210
302
402
182
242
434
314
320
513
373
367
289
199
227
354
284
484
265
258
645
294
395
302
238
458
296
616
399
263
182
522
288
529
201
210
203
369
182
192
369
237
214
342
197
494
182
182
198
205
431
281
330
573
368
267
207
182
268
204
220
287
218
318
199
254
272
347
309
204
390
436
210
376
182
182
327
225
300
197
198
182
199
391
300
443
275
240
267
228
251
346
204
192
230
278
393
245
216
226
292
358
258
242
190
182
397
296
216
322
255
193
239
194
209
182
287
230
386
233
412
206
511
439
242
182
208
253
386
205
347
203
222
188
209
185
182
224
231
191
190
326
205
269
254
262
258
359
182
219
194
190
732
188
195
326
234
265
253
221
182
273
228
284
264
182
187
252
183
218
353
328
272
232
391
201
404
210
182
196
254
206
208
255
235
184
294
347
596
185
214
196
532
462
292
230
182
375
229
212
275
240
559
274
270
285
327
347
182
394
245
411
302
408
194
278
182
182
216
300
189
734
228
357
413
419
232
343
201
275
216
184
313
351
352
230
794
762
243
205
427
240
253
182
229
351
275
226
345
235
456
190
470
510
229
467
182
182
363
336
284
384
434
182
261
296
337
188
239
376
226
182
182
239
359
200
303
257
524
240
202
372
182
243
265
249
202
385
427
501
258
234
275
185
236
209
366
182
358
190
284
686
368
218
312
343
265
412
199
269
263
346
237
206
320
287
378
235
219
410
249
197
266
210
227
324
417
372
204
224
311
237
314
195
471
331
182
255
328
268
220
217
182
217
202
240
228
187
188
275
182
193
281
241
303
680
251
208
207
334
710
331
217
251
213
363
193
250
182
237
254
222
327
486
187
309
256
255
182
366
197
252
231
183
371
199
275
560
257
317
276
211
268
183
309
246
298
191
259
354
182
218
336
185
194
184
212
428
274
200
364
192
187
281
287
182
792
279
233
259
460
253
300
232
305
241
416
249
182
185
241
488
233
195
244
475
209
284
200
297
238
338
582
398
379
238
251
187
306
589
332
237
190
453
201
328
413
349
215
196
202
213
219
332
240
193
262
344
217
240
196
185
453
240
307
309
198
242
295
304
377
187
361
282
263
236
276
182
225
285
361
299
188
208
216
375
182
213
198
288
346
271
271
221
210
495
265
228
253
249
392
674
210
309
246
182
275
374
265
204
259
352
275
327
328
430
265
348
197
261
182
224
296
435
323
182
330
182
187
212
209
210
208
189
291
527
244
220
214
400
212
197
182
243
308
229
494
451
388
186
194
182
230
197
428
210
208
197
194
218
226
358
230
183
208
194
194
186
182
205
330
196
363
355
215
421
209
185
216
265
212
182
224
256
316
268
222
192
265
294
251
310
449
358
262
445
482
259
573
585
568
585
276
258
337
270
289
294
336
319
247
397
182
247
266
377
418
204
260
268
336
379
183
417
220
203
261
300
196
224
260
324
437
227
280
182
224
299
193
264
342
239
214
300
235
399
187
182
200
320
640
265
285
356
898
349
338
256
390
231
578
286
202
325
321
334
250
299
316
309
334
200
245
230
403
338
397
376
188
189
582
190
432
600
245
218
184
341
230
228
332
378
333
268
347
323
222
291
219
258
182
359
260
271
363
363
238
256
231
182
277
229
185
196
249
273
262
185
274
332
292
493
429
238
239
236
379
267
284
360
193
525
310
182
437
215
303
408
183
259
243
182
375
354
256
318
246
339
231
182
636
199
210
211
185
189
490
191
215
198
244
315
199
355
345
415
272
406
324
398
183
348
236
182
331
285
296
231
251
854
373
229
250
211
247
267
226
278
393
487
415
226
333
484
264
394
324
331
389
299
571
201
218
297
359
723
285
183
334
360
288
432
186
257
182
227
212
282
347
447
483
297
576
292
187
238
289
227
224
469
232
282
191
270
182
604
372
363
274
601
243
220
269
194
235
316
244
231
236
210
228
224
243
265
204
207
230
288
305
220
201
182
273
292
384
191
249
314
292
210
188
282
327
249
187
299
357
296
460
357
302
301
183
203
309
428
337
208
317
323
182
218
411
191
420
654
266
182
309
431
233
408
330
236
209
286
192
182
299
403
270
488
214
285
400
548
766
397
340
239
234
308
320
381
182
237
221
269
221
246
239
230
311
388
183
244
233
228
549
417
251
352
207
321
184
193
190
182
404
306
374
459
182
221
251
316
182
432
248
348
313
260
345
253
201
264
276
248
226
287
370
256
194
367
219
402
328
220
446
247
271
429
244
412
238
260
414
308
182
187
352
197
327
182
255
311
350
699
339
182
306
397
437
400
245
223
364
308
199
207
258
423
351
443
395
256
267
299
262
275
250
226
298
188
317
326
184
222
201
189
192
215
343
223
283
260
389
227
235
242
204
262
274
340
182
240
518
224
199
333
416
298
216
477
393
224
200
208
384
470
226
432
269
394
296
326
225
548
240
361
309
663
449
319
196
225
225
226
239
410
231
182
235
212
227
648
194
208
303
249
274
224
231
233
231
258
417
213
225
211
205
464
240
234
182
281
266
182
234
439
282
202
218
289
182
318
360
296
334
276
309
182
272
393
339
378
477
182
323
375
186
352
348
242
242
263
275
320
237
281
253
207
385
360
185
343
301
354
317
182
199
453
184
237
390
315
330
281
288
360
284
281
186
262
291
221
197
264
233
490
484
268
253
220
287
215
365
302
187
342
381
182
507
422
519
327
556
255
295
213
182
352
261
323
357
427
272
258
284
367
373
350
315
333
256
325
382
767
522
526
326
305
621
279
300
329
384
262
299
316
333
309
239
182
235
241
256
193
258
191
235
286
275
213
184
182
241
213
197
253
359
332
299
267
275
234
248
184
220
263
380
321
266
187
205
277
208
222
187
544
340
234
228
182
241
322
341
198
306
312
182
279
212
191
462
182
342
241
311
380
318
334
230
414
228
559
383
182
246
185
324
252
411
256
200
269
334
268
182
315
328
294
214
182
301
366
208
249
237
182
295
324
346
303
296
231
322
277
197
231
418
225
288
374
221
209
515
246
182
281
243
182
182
365
240
336
314
239
519
228
232
283
287
197
189
249
310
267
224
210
369
187
220
363
662
233
477
380
266
216
383
321
292
326
236
182
286
236
254
460
195
307
508
261
318
235
234
314
211
182
441
499
182
395
402
374
182
323
274
255
229
228
295
246
182
292
436
290
417
253
211
182
203
260
301
214
226
383
358
246
200
249
380
428
193
266
203
312
223
389
354
346
217
226
275
204
235
285
242
182
187
314
213
259
298
238
205
200
239
235
261
302
294
285
258
182
214
346
277
189
208
300
284
400
188
371
286
379
231
182
238
433
206
263
221
187
197
211
302
257
183
310
255
206
284
578
188
508
208
191
322
328
190
260
207
232
263
230
394
212
339
588
367
427
322
360
271
209
321
182
358
206
189
320
427
243
257
300
275
182
273
351
254
185
365
319
284
292
255
209
236
264
266
264
239
182
347
220
239
182
608
549
218
186
191
182
256
248
260
218
434
285
212
225
193
245
290
245
210
314
217
195
182
195
225
268
193
245
305
214
260
345
290
313
456
187
212
398
377
182
447
256
219
223
211
205
240
231
223
253
198
233
182
224
281
297
242
213
213
182
252
267
477
233
331
200
266
659
221
198
194
196
269
298
212
324
305
199
220
251
329
431
230
415
565
213
229
193
349
517
242
225
237
201
298
246
252
202
567
279
198
217
356
209
182
204
224
274
233
225
285
182
241
307
190
390
365
237
228
201
260
361
182
226
339
201
326
237
233
250
217
210
184
215
254
196
292
218
182
329
240
223
373
248
196
236
384
358
189
283
245
518
411
217
340
261
239
225
378
256
404
316
276
251
274
385
730
245
261
331
299
411
316
302
210
474
507
350
398
238
310
298
232
196
310
252
202
228
227
260
329
307
346
259
200
269
261
198
231
182
399
271
196
401
197
205
182
282
213
292
202
244
282
252
198
277
308
446
270
297
390
343
293
270
231
331
258
290
270
182
532
219
284
298
375
197
389
256
193
182
303
182
205
330
305
243
360
347
351
399
262
278
337
208
475
487
185
631
333
197
307
465
280
229
694
339
282
267
187
264
224
290
324
258
531
185
203
272
240
191
249
437
390
305
399
390
347
362
204
383
485
306
446
296
245
193
485
373
270
206
243
245
269
393
396
255
205
189
317
267
313
781
400
182
182
253
382
315
241
397
300
443
212
472
276
217
235
227
264
247
197
373
541
217
279
245
182
206
261
378
209
256
408
244
208
284
243
239
212
455
526
202
293
355
585
218
320
302
228
514
191
188
378
293
222
241
280
231
358
279
548
225
351
243
222
183
226
520
396
183
320
368
430
732
431
182
337
366
295
417
182
280
194
316
422
415
418
233
324
213
296
269
273
193
202
206
506
196
434
412
453
344
284
182
198
196
609
595
233
370
256
261
220
237
266
377
241
305
327
248
227
259
256
322
208
262
287
203
572
265
359
195
406
284
217
217
278
235
219
242
260
427
182
282
244
281
263
538
182
188
182
214
378
182
203
212
472
278
409
211
198
327
408
203
199
210
235
288
228
415
414
341
577
461
325
290
361
185
371
248
317
198
408
233
192
224
210
182
242
193
296
336
359
189
363
360
276
190
213
615
222
203
259
213
263
182
382
228
234
394
306
195
758
280
317
329
197
198
519
209
492
523
322
375
580
430
331
364
393
379
240
446
652
365
220
290
267
686
726
207
276
228
305
248
294
437
373
269
218
278
467
242
182
193
234
215
388
430
204
188
187
223
503
213
207
213
277
325
350
323
355
182
194
202
185
490
428
617
457
188
391
295
267
182
672
346
192
551
248
185
240
324
244
293
261
397
199
282
232
448
248
342
397
363
227
322
447
354
338
412
249
204
235
192
242
451
229
664
369
198
193
347
220
188
221
226
254
314
481
254
258
192
192
326
332
311
547
259
205
214
292
225
301
231
500
286
203
255
276
409
295
305
182
182
304
236
305
346
250
243
488
394
665
326
518
306
247
460
448
301
193
309
485
408
426
214
270
268
271
570
288
245
205
481
219
514
182
363
282
228
202
396
468
271
423
192
197
273
257
341
262
225
218
259
490
422
207
291
580
199
298
221
350
255
459
245
270
366
286
372
234
210
787
193
483
182
484
194
280
312
216
386
228
509
675
182
292
189
250
356
297
237
272
293
262
324
402
254
204
456
255
393
284
269
312
287
349
200
319
307
380
364
276
229
401
393
423
237
241
315
290
307
233
203
241
250
358
226
182
184
282
509
662
210
446
283
239
295
603
204
357
306
327
332
361
255
228
326
191
427
321
482
405
182
211
261
207
242
402
342
182
223
408
198
263
389
315
232
443
311
354
412
369
445
246
1124
226
187
331
612
468
359
542
291
258
215
226
344
211
270
309
345
356
659
199
245
396
280
259
182
295
320
205
196
196
247
212
376
253
308
182
213
219
244
321
406
348
223
376
245
211
280
272
237
333
218
291
218
235
191
199
593
436
247
457
208
182
492
203
357
203
403
292
237
243
213
342
301
351
357
192
414
276
245
237
182
207
231
328
218
281
249
536
208
270
485
254
262
271
210
323
182
258
238
203
184
337
194
216
203
381
459
182
224
196
230
254
299
524
437
192
189
307
274
265
200
258
377
316
282
325
258
192
230
305
397
225
491
325
739
193
274
192
329
228
416
182
348
196
278
455
182
422
366
338
300
278
299
544
430
294
212
214
203
292
282
446
204
182
372
292
192
233
249
200
410
724
188
447
464
301
289
211
187
370
255
200
225
195
202
398
218
425
628
493
215
244
515
365
231
214
226
267
312
452
222
344
225
234
393
182
333
259
303
289
492
210
320
254
286
279
698
278
295
277
265
191
249
482
345
422
262
415
217
408
255
387
229
224
582
182
252
223
278
220
192
326
216
248
298
265
292
195
182
265
458
194
217
205
403
187
452
282
310
852
259
323
329
233
182
241
271
304
249
247
185
210
361
326
209
219
211
228
269
198
360
189
189
395
238
252
248
351
238
346
258
315
271
326
372
186
192
322
234
182
480
273
431
343
257
238
319
206
291
216
182
297
182
268
309
188
186
296
183
268
223
247
224
182
338
682
201
316
406
185
224
428
495
236
265
182
581
333
304
260
278
187
319
276
314
272
214
184
247
270
230
215
228
513
532
236
232
322
187
368
252
201
300
182
185
182
377
236
252
213
371
251
325
247
277
261
429
184
303
271
199
360
216
234
314
348
187
212
182
205
338
182
275
378
281
298
201
227
220
232
185
268
246
312
330
301
323
205
332
228
311
406
329
326
279
440
338
219
182
227
239
182
268
286
248
182
248
193
182
309
397
224
220
198
358
219
574
195
323
333
474
442
220
281
250
182
197
373
182
249
548
374
258
245
232
238
207
212
311
192
185
197
182
243
319
182
220
209
185
385
362
314
237
228
278
182
236
192
520
241
213
290
379
187
451
680
219
304
270
256
182
267
208
267
182
237
323
239
211
239
269
281
234
238
289
182
298
219
336
364
222
198
221
234
232
377
262
233
206
299
191
614
265
242
460
338
277
227
245
221
204
387
302
243
253
278
288
322
382
297
442
249
345
432
282
399
436
300
240
562
566
725
218
182
308
226
366
314
265
568
203
182
577
275
286
202
251
315
391
212
437
385
471
231
285
240
268
199
355
409
324
206
182
291
313
400
273
220
329
758
228
287
309
387
193
252
242
184
266
282
186
218
260
237
223
211
210
262
182
280
182
317
403
192
225
219
182
183
203
296
275
290
291
304
192
292
350
248
299
244
329
201
214
358
246
182
216
236
265
296
218
240
215
284
233
247
214
419
225
253
182
238
231
551
351
360
226
227
183
224
230
220
397
278
196
186
182
197
425
329
237
326
310
188
368
323
243
269
288
249
234
305
338
754
280
203
296
196
288
211
349
289
209
256
218
345
191
238
250
182
386
277
325
429
476
280
270
217
361
317
235
228
305
464
243
423
347
402
329
357
401
576
189
277
210
288
243
182
241
275
202
266
392
324
322
409
225
476
295
279
223
275
273
305
182
435
239
277
207
250
245
190
244
295
302
182
489
446
405
196
331
421
241
262
344
182
241
182
219
258
255
273
274
238
360
210
280
340
243
209
260
210
204
258
238
277
189
296
523
320
281
546
572
494
524
314
404
357
588
209
199
376
193
355
236
402
182
185
201
244
203
223
284
454
217
240
388
274
193
308
285
380
284
358
260
210
205
408
255
279
257
206
258
376
198
491
256
186
209
185
254
360
276
316
468
374
197
698
207
194
291
230
192
318
326
464
307
255
305
405
182
331
237
185
311
291
236
568
189
389
378
332
187
372
227
191
236
240
306
216
280
259
182
293
218
313
258
474
256
228
766
185
455
277
219
209
190
248
390
221
290
235
270
374
222
249
282
274
236
429
239
235
423
465
487
294
352
327
247
338
257
278
331
619
182
617
208
240
182
354
342
323
442
309
247
381
368
213
548
228
401
372
322
471
198
284
217
302
467
190
282
335
709
188
237
376
398
258
400
325
372
182
300
206
263
216
195
790
255
345
431
292
566
512
217
581
268
401
182
447
226
339
950
182
463
299
228
234
355
258
319
212
327
445
266
186
294
292
250
357
182
243
200
229
317
185
212
382
223
297
274
184
378
202
419
393
255
740
645
252
325
182
517
457
182
190
215
298
475
230
212
185
199
234
329
259
212
430
203
339
182
251
406
240
289
422
227
291
238
368
208
193
255
618
545
203
249
303
182
411
374
231
527
344
277
251
213
223
285
262
182
182
253
314
287
182
426
205
196
197
301
269
189
288
231
327
237
258
429
626
182
203
241
220
373
310
254
214
362
243
393
498
277
451
341
258
229
401
275
318
182
331
254
271
357
322
326
374
182
202
212
350
221
260
543
206
434
275
304
252
295
286
419
230
342
290
182
193
218
259
232
182
284
286
298
257
226
232
300
215
425
225
328
228
388
208
430
389
189
316
311
323
253
305
287
355
272
416
231
457
352
300
585
265
224
247
401
240
275
195
335
184
214
209
293
293
207
632
551
194
359
251
334
246
192
280
315
463
376
184
196
182
311
192
341
208
222
364
239
397
931
969
279
252
207
367
207
478
411
267
483
191
195
213
188
229
288
406
183
276
182
284
182
298
286
275
236
182
279
193
260
182
193
192
293
238
200
272
245
182
356
286
258
322
182
200
256
214
270
249
227
286
340
264
218
292
182
368
240
227
315
189
190
216
330
244
182
223
231
233
247
221
346
282
365
294
364
413
392
501
289
412
360
694
247
337
190
284
251
256
182
250
273
269
295
265
284
265
620
257
320
186
430
572
297
339
182
182
205
335
566
313
309
236
794
205
226
293
182
219
441
422
182
355
276
214
264
183
250
419
428
258
396
424
184
339
512
453
632
263
246
199
482
223
213
222
335
192
499
299
297
311
228
335
322
255
347
202
191
233
197
182
304
287
182
182
199
281
421
190
253
198
225
510
294
293
784
301
333
204
206
375
239
393
182
553
188
275
376
245
187
212
273
266
742
200
199
253
360
255
184
194
268
182
309
183
544
466
211
282
208
207
416
389
344
287
206
362
335
219
182
273
244
207
268
357
250
280
208
182
477
257
324
201
357
257
195
193
182
183
223
199
320
345
270
262
241
274
287
285
182
254
206
183
207
315
331
323
303
435
319
296
305
182
620
188
193
187
256
270
350
195
202
182
279
328
249
323
388
315
194
303
431
388
182
436
392
351
336
218
214
215
182
193
210
396
199
221
255
260
324
235
188
370
210
247
222
261
339
255
366
434
199
370
316
285
250
236
268
330
259
393
254
255
231
220
191
266
394
249
349
182
233
261
333
220
379
193
285
247
289
248
438
505
189
317
269
445
315
351
324
398
218
308
464
235
259
368
182
340
262
274
368
268
263
351
182
240
182
216
237
260
200
182
182
408
573
331
228
197
235
293
432
331
306
202
279
188
228
184
386
422
293
182
528
408
250
346
267
198
222
528
182
207
265
310
268
185
321
203
191
203
269
199
418
367
528
434
333
449
434
277
247
327
198
225
351
182
278
344
551
192
285
258
267
333
211
205
182
398
210
236
291
325
230
346
321
182
246
182
320
231
228
393
491
307
248
381
235
193
300
312
339
201
239
587
182
344
455
662
198
552
268
182
418
211
204
182
186
183
247
361
207
259
344
233
196
186
187
195
444
297
204
237
247
211
199
365
223
437
402
359
199
705
182
300
557
199
234
204
369
264
182
182
256
353
189
597
234
316
182
378
192
228
203
338
478
482
195
309
305
246
367
200
228
462
207
428
327
298
201
241
184
424
182
210
182
411
187
292
360
523
391
302
224
183
215
182
273
221
364
217
447
395
210
263
212
280
340
347
250
240
277
223
473
425
191
280
207
488
182
221
194
261
273
416
284
188
193
201
337
188
260
182
182
536
195
499
214
389
400
494
328
348
345
209
182
219
250
434
209
435
254
238
364
663
370
327
382
550
404
1082
184
290
432
437
456
249
407
296
238
183
228
190
213
381
190
345
222
231
358
400
182
331
337
218
267
238
250
355
206
314
221
515
425
381
574
494
499
305
294
357
251
273
355
238
400
222
284
234
394
242
265
614
414
390
265
391
260
352
269
293
210
315
360
357
182
182
294
290
212
209
209
236
302
408
399
400
469
224
201
377
360
188
311
452
415
267
224
297
377
216
230
182
233
209
346
190
252
186
355
455
424
187
182
182
420
200
350
461
182
197
362
257
292
241
194
183
200
253
397
204
210
380
297
266
214
322
188
370
286
473
246
267
378
346
473
245
271
214
346
266
182
337
283
217
225
201
274
273
238
194
611
253
306
259
396
316
278
222
332
243
739
201
520
429
481
278
283
361
342
301
270
248
257
182
259
271
338
230
231
237
196
272
303
301
206
280
349
198
312
287
319
192
291
245
367
256
335
447
227
215
437
265
348
362
320
182
363
182
229
492
182
182
209
215
524
489
193
248
398
182
241
187
183
313
300
431
187
269
249
213
218
330
192
213
352
185
450
415
218
420
211
217
212
273
504
182
209
221
366
254
391
237
289
435
323
308
328
333
182
318
213
190
436
342
182
217
291
186
418
512
189
306
349
345
387
261
341
182
346
263
208
284
328
384
291
256
334
280
332
236
182
184
251
287
243
219
274
368
268
182
216
429
247
606
198
343
255
207
331
417
182
283
336
462
213
351
227
186
440
483
193
242
244
360
195
257
278
356
200
195
331
344
283
222
228
266
409
188
318
285
370
350
194
280
185
349
286
267
203
369
312
303
182
326
182
238
327
309
482
357
182
325
319
262
332
221
414
239
277
206
182
231
183
488
272
255
237
211
232
333
192
202
288
250
222
182
182
216
242
233
201
231
298
330
234
263
248
309
357
312
288
222
320
235
206
252
279
237
217
339
369
184
230
204
197
197
313
289
581
221
300
182
290
491
997
393
234
255
248
265
334
236
206
331
331
214
348
414
282
187
362
331
291
253
433
327
212
384
279
292
642
531
351
202
365
235
211
249
202
186
225
335
195
461
287
182
214
286
270
415
373
273
319
331
237
284
254
305
337
238
278
354
210
206
182
472
209
400
182
182
430
300
200
256
220
330
215
321
253
219
253
317
279
201
392
182
417
280
317
182
189
182
182
196
191
233
186
239
311
200
208
182
280
222
300
206
261
305
270
182
228
182
215
364
212
204
220
182
261
232
221
250
230
394
195
202
182
361
326
453
435
331
214
182
197
523
209
326
254
334
274
277
182
209
339
227
214
182
307
206
190
456
500
299
325
312
414
217
300
191
197
182
343
204
497
290
200
249
406
384
270
264
407
204
195
236
211
432
434
324
185
269
282
426
200
248
189
207
324
209
230
252
204
182
668
269
255
369
497
324
319
370
381
182
182
448
202
240
236
317
356
208
232
214
249
384
391
950
315
480
203
457
466
370
539
249
182
288
182
278
305
182
324
552
182
343
257
202
283
221
193
236
261
182
304
204
278
182
231
230
415
247
313
405
197
470
192
274
197
391
244
218
215
255
292
263
182
272
239
402
504
347
308
965
512
292
258
225
182
332
280
229
352
266
246
254
994
400
216
730
313
319
342
252
249
208
280
211
311
272
182
366
351
480
229
321
388
306
280
275
206
819
567
576
182
322
399
322
337
182
378
234
232
492
208
234
305
224
265
263
182
397
204
192
229
321
244
333
188
214
259
220
433
240
457
225
243
297
417
200
207
202
209
292
182
288
365
182
289
401
437
310
182
210
222
534
217
265
197
304
182
182
227
351
485
702
227
485
658
187
204
370
395
337
237
210
438
200
235
196
275
252
182
350
198
202
220
272
206
393
183
183
445
386
259
592
433
274
344
391
219
373
198
233
182
364
221
362
199
186
210
218
383
288
211
311
350
236
582
318
421
351
376
191
407
514
488
246
601
182
242
399
284
182
731
368
336
394
281
196
272
187
196
451
226
228
274
328
204
307
253
198
191
294
369
269
356
214
300
339
366
269
362
182
412
536
560
235
304
182
298
190
238
209
234
236
244
291
201
182
203
207
739
183
438
237
371
329
350
182
252
358
240
326
258
287
182
641
328
309
411
293
232
429
204
209
593
347
354
267
273
241
193
182
196
229
349
247
284
351
415
264
195
225
245
491
475
457
214
182
183
227
182
313
248
343
182
187
239
192
185
330
182
438
201
518
237
240
344
191
182
446
195
359
285
577
680
182
519
466
241
194
294
186
197
366
199
311
223
193
229
271
272
335
222
182
188
282
392
383
460
210
411
223
280
260
341
363
191
364
347
198
271
301
207
182
405
233
204
189
232
266
321
217
405
256
209
257
315
204
254
188
243
232
218
182
398
249
347
389
236
301
279
232
412
359
367
579
361
576
520
230
512
189
610
256
299
246
354
300
235
182
260
216
220
208
367
241
247
474
257
324
182
334
352
221
261
269
182
200
182
232
355
421
185
381
475
182
351
398
182
309
370
237
182
317
238
186
345
330
282
307
223
223
224
401
182
198
456
232
253
226
352
182
402
408
202
264
290
224
284
295
419
230
380
232
241
376
224
247
219
218
281
256
236
229
410
202
426
355
329
240
312
473
238
344
352
256
182
215
329
223
280
201
224
204
345
220
205
182
239
302
182
221
192
225
371
273
364
294
193
221
261
421
241
520
200
391
215
269
230
322
190
501
445
237
300
182
358
203
207
238
288
488
298
425
413
182
344
248
236
381
208
339
188
282
463
182
280
579
382
222
266
469
280
346
772
282
758
257
348
454
255
320
450
282
314
226
211
182
299
222
288
188
189
324
278
363
485
231
454
319
381
198
208
196
363
237
311
189
292
955
198
230
238
360
262
203
258
340
402
272
200
376
334
196
235
223
338
229
314
513
305
364
388
201
211
282
410
315
218
359
193
183
201
208
182
278
318
198
237
394
740
182
221
234
267
216
324
189
276
299
382
237
543
182
192
447
203
346
186
187
229
454
204
250
342
352
182
195
357
355
182
182
234
226
320
280
211
213
426
197
299
328
282
256
437
240
228
285
307
232
227
342
396
667
267
577
251
317
240
189
697
266
188
757
197
184
693
207
301
214
252
325
311
385
404
281
236
187
203
371
219
366
219
232
192
233
403
182
365
198
212
182
236
703
182
186
203
430
260
201
378
182
228
408
454
442
389
290
249
458
182
221
185
234
302
302
200
228
182
346
389
202
188
305
216
269
185
328
251
237
213
412
305
269
220
200
490
314
314
222
338
330
342
363
259
230
263
260
469
284
232
183
189
269
183
182
262
182
277
424
192
241
350
246
345
277
284
366
334
406
314
522
342
187
349
421
205
428
433
417
297
309
246
222
245
723
298
344
182
238
232
203
201
363
220
373
247
252
329
231
314
385
420
328
348
261
300
252
239
244
308
240
377
243
746
400
338
235
224
202
263
285
201
187
204
239
292
278
182
427
368
245
425
228
278
284
211
213
301
349
517
438
202
197
387
211
208
471
209
425
320
355
367
182
204
218
190
335
311
241
422
190
264
343
411
235
240
190
356
349
242
282
302
219
182
215
182
289
254
364
222
196
503
279
230
315
224
337
308
288
210
189
366
183
194
215
383
233
343
339
335
182
232
208
182
183
208
273
286
189
256
182
409
435
182
220
391
238
204
335
273
220
263
228
182
233
196
363
190
287
277
297
371
264
455
182
235
249
357
203
277
281
289
303
191
219
182
192
182
245
410
195
218
205
219
325
324
608
241
303
221
319
214
201
306
206
195
379
252
359
261
562
295
243
192
202
226
231
445
187
424
386
396
232
286
202
516
257
255
201
273
277
339
504
264
248
351
251
335
309
355
380
183
252
268
321
182
341
195
314
298
264
491
290
182
232
303
284
353
214
228
434
186
323
301
359
193
273
183
284
331
268
186
337
188
199
194
330
307
222
299
208
319
310
236
240
236
415
453
622
316
584
363
293
196
223
354
243
281
229
357
430
206
211
248
407
203
337
327
231
241
223
325
289
241
368
298
191
313
205
210
324
324
331
376
415
401
223
245
182
243
390
305
297
287
185
567
267
298
341
420
230
218
226
299
249
192
306
414
279
426
369
272
263
224
193
332
552
335
546
255
256
371
312
463
290
202
244
264
264
471
576
402
393
210
182
182
376
250
306
270
236
295
420
399
444
375
189
284
237
271
184
186
327
303
453
304
681
283
572
279
215
315
312
458
883
509
405
235
292
328
392
912
387
261
921
218
771
845
996
298
226
471
346
605
417
211
182
182
393
445
360
285
189
249
220
228
318
275
289
247
182
182
354
306
278
250
244
493
258
193
319
309
253
371
197
271
241
290
311
243
280
264
379
776
392
248
274
353
209
182
250
249
198
243
301
265
358
196
183
282
182
216
267
182
274
341
483
507
215
277
212
483
182
200
302
238
182
287
182
356
326
209
222
234
291
251
621
259
187
302
212
305
197
189
283
258
223
189
199
237
182
249
225
263
516
182
205
200
182
234
263
197
374
314
197
225
286
207
255
294
240
274
196
215
262
303
250
268
285
373
182
214
279
419
311
235
257
391
306
282
182
192
182
207
274
192
334
256
242
310
214
253
183
317
299
311
201
332
184
302
256
344
186
284
219
731
403
211
262
372
202
301
210
182
207
244
314
200
182
233
266
219
248
199
182
201
325
320
337
265
201
204
312
315
216
182
433
200
353
183
228
318
333
241
281
351
234
189
182
310
209
568
228
188
202
477
300
187
287
361
219
367
182
305
404
288
264
198
251
258
303
248
214
329
182
276
249
350
209
338
196
421
213
237
182
259
182
308
269
506
252
374
212
224
233
249
346
248
333
182
348
417
316
196
194
237
292
182
314
252
320
207
447
206
257
266
609
267
210
239
262
369
283
196
182
344
346
425
369
237
271
335
211
343
297
222
279
222
215
312
204
199
242
281
227
193
260
603
392
273
351
759
253
199
250
206
398
282
354
329
182
250
626
289
279
560
326
191
214
313
192
201
479
202
227
353
226
374
271
381
378
353
238
653
523
264
248
247
205
198
193
389
200
223
254
330
226
408
186
223
256
214
402
465
406
309
218
270
236
232
334
207
201
308
251
231
182
241
182
229
290
341
198
255
325
339
340
507
185
255
253
196
200
190
218
198
268
317
270
257
214
321
317
274
182
244
496
216
209
272
405
194
244
197
268
320
390
261
357
315
192
241
462
264
334
251
182
188
241
237
677
291
326
182
449
258
182
213
300
207
187
455
217
222
215
311
269
224
199
213
282
394
243
232
295
268
217
288
239
369
214
190
182
216
203
251
274
416
195
376
191
183
185
317
379
268
315
248
265
186
285
361
191
358
413
552
248
217
223
251
438
239
259
205
476
296
287
208
182
203
204
259
206
189
266
257
191
222
424
383
309
312
182
184
324
254
264
233
232
291
325
275
215
256
209
182
309
250
203
224
222
396
399
236
504
243
272
210
646
326
198
187
269
207
290
262
405
836
236
182
196
220
182
259
310
214
239
210
363
231
305
260
606
338
348
473
435
354
248
330
380
217
182
394
209
214
277
218
372
305
288
320
313
291
457
361
269
408
248
223
324
333
225
392
280
315
276
190
229
302
240
219
323
297
349
425
377
515
250
200
272
329
273
295
201
403
350
182
214
239
290
303
407
257
256
426
297
414
334
279
277
271
243
225
304
190
390
193
341
277
251
444
310
380
216
233
267
260
342
285
351
413
305
363
279
218
202
404
254
322
264
248
235
246
370
217
266
231
215
267
182
272
309
408
236
193
228
182
182
182
238
251
182
194
234
250
254
379
220
299
284
493
182
185
188
532
304
469
519
442
352
244
330
200
182
264
196
677
236
206
319
296
265
505
220
272
577
264
438
234
542
360
189
581
201
409
214
343
236
182
448
192
228
183
225
194
289
270
195
238
186
477
271
363
203
228
221
439
341
489
239
873
401
200
486
360
304
233
192
332
309
206
544
246
257
182
183
292
264
223
480
240
466
351
363
484
258
267
182
245
303
262
206
252
258
240
236
210
182
197
261
196
331
359
362
187
278
249
529
381
344
310
381
332
227
344
313
299
534
464
315
205
233
198
428
308
249
269
404
223
747
228
348
381
229
416
235
196
363
195
182
192
182
576
234
609
436
185
426
296
278
746
235
189
369
261
445
270
241
441
200
370
321
209
207
317
321
271
443
372
380
223
307
295
313
195
218
244
556
401
350
243
215
227
214
184
324
298
467
368
189
210
230
342
287
470
268
358
182
257
255
491
301
384
198
343
254
288
206
192
234
388
393
268
350
189
351
351
286
335
496
367
217
421
298
468
428
399
182
513
182
642
192
228
422
506
233
279
317
182
655
407
309
480
234
501
837
317
330
238
437
280
240
297
325
295
182
182
395
374
290
234
198
239
446
347
370
480
500
225
215
208
443
244
182
193
390
530
299
326
222
220
371
298
335
237
226
373
375
666
281
341
361
343
237
433
411
345
192
349
187
339
280
182
389
369
182
449
209
251
215
312
239
391
182
338
230
377
348
298
330
356
332
185
215
193
182
240
258
218
437
464
271
194
199
358
182
259
216
249
330
200
246
254
352
186
187
317
319
205
255
528
455
258
325
849
547
222
221
395
268
441
559
409
221
355
464
354
236
199
249
182
383
417
200
224
188
223
383
278
272
182
597
218
207
245
245
640
235
392
383
187
598
268
251
381
248
196
468
182
184
233
332
375
332
337
274
394
190
189
274
391
257
183
534
295
325
262
186
612
182
229
281
394
217
516
225
208
414
287
184
255
185
242
301
234
219
216
276
428
274
344
234
204
183
197
454
240
230
323
270
260
247
228
260
403
294
387
272
216
254
187
194
210
318
244
193
351
231
207
363
322
350
283
319
182
411
294
216
214
339
210
358
346
616
308
193
332
205
331
623
253
377
373
182
1282
249
367
270
291
340
332
314
230
259
432
380
205
410
182
200
347
332
223
186
267
205
385
182
389
364
412
263
273
329
409
291
197
206
333
194
385
554
215
528
268
492
365
259
261
255
373
240
519
682
205
232
373
806
270
374
258
321
194
254
223
257
584
362
236
192
195
182
290
217
231
675
406
310
271
291
225
380
334
291
182
364
421
304
297
252
204
190
238
390
307
309
338
188
182
203
311
222
229
182
282
307
290
232
201
182
221
315
293
184
295
267
208
337
182
432
526
318
894
194
220
182
324
182
230
282
253
369
414
182
414
297
275
329
362
422
286
337
384
227
226
310
279
277
216
216
288
429
244
271
394
215
310
185
576
526
230
404
210
242
291
271
296
436
317
299
320
835
204
408
184
223
278
235
216
209
444
242
335
521
292
275
270
419
366
231
287
369
357
672
189
373
600
279
182
256
366
507
756
251
451
376
279
182
208
897
410
247
359
617
558
216
204
202
521
478
389
182
182
258
285
239
212
344
201
356
531
341
319
205
317
276
230
395
311
410
351
236
217
230
222
450
337
461
214
437
331
368
337
494
194
208
204
182
194
383
182
269
224
319
318
243
217
182
472
227
182
245
333
354
203
377
194
321
359
275
239
387
247
450
238
453
213
297
334
204
358
224
290
466
409
307
381
223
213
213
235
199
205
245
544
386
188
309
251
265
515
370
207
281
186
261
313
325
232
337
346
224
182
282
202
182
195
182
281
268
340
553
274
280
274
218
329
240
386
209
265
211
232
263
193
232
298
201
218
190
182
331
229
250
321
274
360
506
292
184
476
339
269
541
186
186
182
238
262
373
281
241
248
243
412
182
250
184
299
182
204
335
221
243
248
464
200
294
303
262
202
276
299
372
386
276
279
360
304
390
182
226
245
279
334
235
231
182
275
219
225
256
295
307
267
282
227
211
404
259
206
207
388
226
188
193
198
210
208
182
190
300
368
199
299
242
439
548
206
316
427
424
201
323
364
592
201
269
384
273
186
310
372
195
402
286
204
200
235
236
278
263
267
182
337
329
261
336
192
263
264
182
182
213
491
336
186
182
321
229
379
293
353
282
320
362
371
218
182
381
211
224
628
297
194
341
187
306
284
244
333
215
182
186
192
317
299
393
220
305
215
230
238
182
249
251
375
211
278
421
390
232
273
212
512
223
327
455
324
229
242
461
182
313
188
191
306
410
182
258
219
210
294
185
461
231
215
217
209
243
191
311
241
227
182
196
245
324
187
284
296
449
374
275
238
192
386
182
494
194
359
264
253
193
227
294
282
190
268
214
215
473
334
270
246
303
182
182
231
230
326
209
315
382
291
357
266
241
279
385
232
268
365
294
367
356
347
338
385
238
225
252
325
314
283
229
218
344
240
445
415
210
313
247
737
288
370
517
338
725
299
210
233
291
442
330
202
224
398
364
182
338
610
235
299
192
446
320
323
381
278
241
542
284
182
520
340
222
249
222
249
197
243
397
372
319
381
204
251
311
182
257
344
201
336
225
231
226
244
296
300
280
401
257
365
216
437
340
258
182
237
384
276
458
216
205
237
182
286
222
316
220
231
182
304
403
425
848
247
225
232
330
209
243
290
387
248
424
366
250
288
214
214
307
283
883
203
329
316
299
499
272
182
256
710
333
273
221
380
229
265
287
191
188
362
189
199
381
249
219
575
252
283
182
298
195
209
182
185
182
299
322
318
430
241
251
383
289
383
562
184
330
382
315
310
232
593
354
318
202
265
293
365
254
258
213
332
209
771
234
338
193
185
211
303
190
296
185
342
229
317
482
233
308
498
257
208
204
405
384
359
341
422
190
220
189
402
266
182
381
326
229
192
273
185
226
231
358
198
272
190
322
242
216
251
217
341
216
213
214
295
224
182
191
246
339
353
265
336
457
192
431
450
274
199
245
241
481
351
333
541
374
213
432
349
376
326
349
240
245
352
425
270
322
236
188
329
214
302
318
207
739
208
496
379
216
314
271
187
229
186
208
235
273
289
390
222
322
312
374
261
185
529
303
182
199
307
269
259
399
204
196
191
283
213
442
348
433
263
366
500
435
367
234
338
193
261
291
216
222
341
270
324
188
892
284
224
353
235
271
280
601
291
333
251
358
302
232
244
210
237
271
468
273
309
231
277
291
289
182
357
350
210
182
224
310
250
573
226
263
226
340
233
281
341
440
195
592
182
403
289
182
247
272
399
390
300
267
387
413
390
394
557
189
280
277
187
255
326
429
281
291
395
182
254
201
200
227
227
214
216
308
187
194
375
220
185
232
259
286
263
182
222
383
512
261
641
219
296
261
300
182
475
182
484
487
187
288
303
298
191
184
281
272
341
182
189
381
266
281
241
213
619
254
280
310
221
357
258
245
182
265
185
215
203
231
351
398
348
294
390
190
389
228
193
296
332
233
316
266
322
288
216
434
327
226
182
182
200
251
278
317
816
223
218
346
356
385
356
271
185
421
431
229
202
284
294
290
346
218
331
246
245
292
424
271
261
209
247
183
458
239
190
183
389
189
247
239
308
274
310
292
342
239
267
298
204
296
275
333
225
356
188
192
304
310
226
340
519
328
322
260
268
330
281
315
441
333
201
372
374
182
288
267
504
306
273
262
273
224
252
357
305
201
183
286
598
188
582
211
189
318
201
353
263
221
275
291
249
352
194
440
241
182
321
182
394
286
182
182
442
214
316
184
375
386
182
219
415
243
279
354
196
251
182
269
182
335
303
318
431
289
249
237
231
242
187
293
196
217
257
328
251
217
201
262
202
217
211
223
183
182
182
351
196
182
225
182
402
220
278
206
226
296
297
243
267
204
292
263
183
286
315
201
257
282
212
548
345
462
292
200
222
211
536
234
325
235
504
182
508
560
182
182
259
257
295
208
217
194
246
249
284
192
251
286
318
408
376
211
380
191
230
214
218
215
384
215
214
298
182
308
295
282
232
237
275
242
210
222
315
275
193
349
367
207
340
295
253
291
323
237
224
198
376
307
298
223
301
303
457
197
195
242
340
182
203
367
263
215
258
438
284
520
257
182
452
407
405
428
527
562
356
446
249
252
264
186
397
182
295
198
251
416
219
198
491
240
300
221
418
182
277
203
559
235
436
408
209
182
251
208
440
276
486
325
182
257
227
223
203
252
220
230
212
182
229
212
393
374
281
182
508
271
256
475
208
286
200
214
201
233
227
206
260
226
371
200
301
191
328
228
186
252
261
290
208
203
191
208
341
266
239
263
291
324
231
253
239
182
213
182
236
246
203
319
196
282
218
292
190
274
342
182
196
202
215
192
212
341
345
200
403
280
280
235
290
480
539
481
435
887
274
427
437
310
629
222
442
184
425
418
206
212
220
268
237
290
314
327
283
227
354
182
237
311
244
291
453
339
266
190
206
215
496
241
338
257
194
253
252
219
224
325
210
382
249
218
292
222
347
427
240
216
356
262
183
270
182
335
262
294
289
488
351
239
251
267
354
254
296
420
226
299
186
199
766
241
240
811
386
371
224
301
263
182
348
257
204
255
210
365
219
261
610
310
212
459
217
182
216
233
510
287
304
182
379
251
195
255
187
209
369
382
198
213
228
195
444
185
263
373
221
182
237
279
391
193
358
199
330
237
190
318
277
396
350
187
182
420
368
200
346
214
221
335
262
260
218
346
308
182
209
340
209
238
314
182
326
210
305
245
182
398
557
256
391
252
193
235
275
182
275
261
288
219
467
214
204
228
182
314
402
329
377
186
183
264
188
457
426
197
293
182
252
349
476
219
407
309
221
373
447
333
557
224
270
413
280
215
256
275
182
260
223
281
216
269
188
208
182
217
304
196
325
244
202
240
182
295
188
388
182
182
357
387
830
382
268
209
211
223
205
217
311
182
273
330
311
215
288
226
220
182
215
381
194
182
192
276
385
273
293
307
287
212
489
255
214
222
205
191
297
201
237
298
182
216
319
227
269
274
282
325
310
203
323
318
400
327
245
235
260
243
196
373
182
485
247
182
335
245
182
204
236
324
396
229
318
329
500
182
267
230
184
275
260
247
182
353
532
328
236
505
279
191
189
302
463
313
385
406
375
193
278
190
337
357
297
736
188
210
292
268
192
337
305
194
182
223
210
327
224
255
236
204
296
215
243
378
282
305
570
223
256
298
182
279
334
503
295
203
273
360
184
370
419
435
293
298
194
431
527
350
204
191
248
286
243
260
203
329
246
294
258
182
240
293
283
228
203
233
291
183
304
456
542
218
302
182
217
307
275
366
372
253
360
191
340
245
235
321
264
260
216
315
193
262
254
287
194
261
191
330
209
182
313
248
182
274
291
314
306
201
239
225
272
195
239
293
250
238
245
294
353
298
450
264
260
459
261
182
436
291
182
236
258
219
199
382
551
339
258
217
182
192
243
188
196
313
186
197
233
529
359
323
313
294
261
339
194
182
210
251
353
270
269
206
400
296
182
356
206
184
465
223
317
210
237
237
214
702
416
674
188
285
372
542
209
242
704
293
458
612
220
393
197
199
241
188
217
264
287
185
195
309
287
269
233
224
288
337
270
272
217
227
223
324
194
243
232
247
315
491
189
281
309
416
198
285
740
396
182
300
233
368
282
200
207
347
231
315
284
206
342
295
213
182
279
282
243
244
238
216
354
285
254
327
242
629
284
311
245
233
195
269
290
501
394
206
182
215
274
215
200
187
205
458
241
228
189
227
277
229
182
234
279
223
496
314
308
405
364
271
267
201
186
368
451
204
236
238
332
182
203
320
207
285
317
323
424
182
252
260
182
223
259
226
338
244
313
195
330
461
182
190
378
443
262
345
349
382
208
239
380
457
385
279
347
485
254
328
478
304
448
190
182
206
182
482
230
234
273
196
351
227
306
518
194
362
337
264
281
277
330
330
201
182
272
249
321
249
249
572
289
227
235
230
224
296
205
438
277
220
260
258
238
251
261
279
297
436
420
285
431
209
196
182
212
299
343
184
231
272
201
238
412
193
220
215
292
213
182
380
312
187
343
274
182
336
235
355
182
227
281
336
220
231
191
222
334
218
253
182
354
531
410
327
212
317
182
365
205
184
246
464
221
387
228
429
487
320
182
314
425
182
198
416
206
253
276
224
182
334
457
239
336
465
215
212
206
238
339
355
182
242
216
303
268
182
353
201
182
317
376
458
340
229
309
402
233
370
207
182
194
315
259
188
256
412
373
281
281
315
259
245
189
280
208
196
204
199
268
349
471
234
278
296
293
263
292
289
313
228
200
269
338
204
266
203
211
458
228
296
275
352
225
203
269
261
271
224
286
279
233
223
319
345
320
268
258
216
232
246
225
315
192
199
449
341
193
182
426
291
293
428
182
194
232
231
260
203
281
212
227
190
238
262
260
188
192
246
537
369
325
380
311
354
413
392
343
663
201
304
284
433
403
284
363
268
350
249
325
228
225
263
413
402
351
186
252
234
277
325
270
230
276
218
182
354
312
309
293
233
236
665
267
404
182
415
284
245
673
243
222
227
287
302
391
258
201
225
235
329
349
392
182
230
299
401
245
239
224
245
371
202
345
262
231
249
415
382
1779
476
206
214
472
199
281
313
398
264
206
379
199
195
309
229
282
431
518
282
186
459
204
210
286
182
187
188
198
212
247
346
215
182
247
215
182
253
349
487
329
293
208
512
182
294
285
534
557
254
472
359
326
182
326
302
435
275
386
322
253
560
357
493
476
368
445
259
197
182
225
255
226
243
194
335
187
214
230
297
389
265
287
290
182
272
202
192
289
211
269
292
182
255
182
182
216
361
330
185
334
339
339
223
239
245
245
370
366
380
337
365
521
313
482
197
514
182
577
223
240
182
230
216
303
259
270
290
182
182
266
290
286
443
229
501
312
418
271
418
251
217
182
360
291
204
236
353
312
307
394
239
329
459
220
235
635
439
274
184
591
248
210
182
428
441
339
288
182
183
247
199
190
201
216
207
244
243
435
231
228
211
244
578
206
309
191
274
313
278
295
194
323
247
310
182
450
301
444
335
393
246
494
552
387
246
223
364
182
529
289
247
218
195
284
190
192
368
200
335
297
262
269
348
213
182
582
230
279
311
235
219
522
434
238
479
219
190
247
418
205
186
350
252
385
247
192
219
467
406
200
426
182
227
310
271
217
203
327
315
380
511
357
499
394
206
405
237
352
261
274
220
282
202
182
511
190
357
455
425
352
377
191
225
212
473
276
338
344
261
208
279
182
269
284
234
228
253
272
208
202
359
255
313
233
338
329
208
302
352
292
194
259
322
403
322
281
258
814
270
303
311
274
208
234
208
209
490
211
245
275
747
288
259
257
251
200
291
203
182
230
182
206
195
271
260
210
185
182
343
323
285
333
196
186
228
311
211
276
260
182
219
199
358
308
340
271
239
288
327
182
557
252
257
317
229
308
182
191
221
340
260
232
399
194
216
259
182
182
251
257
387
211
182
186
225
207
339
286
217
272
199
184
401
203
204
317
248
205
235
198
265
229
212
213
254
201
256
315
466
196
544
214
305
292
310
379
182
461
215
445
397
378
223
242
192
194
248
204
872
212
312
374
408
266
360
275
363
207
302
382
288
194
248
182
333
250
478
348
438
596
232
281
182
182
189
195
287
263
285
324
420
422
198
189
250
475
538
185
191
493
387
336
306
228
295
352
331
201
255
211
374
184
303
524
268
204
219
257
182
403
271
182
250
182
243
280
344
363
323
223
184
289
202
182
284
194
389
189
187
260
385
215
287
361
223
215
673
305
221
213
240
291
292
223
287
313
251
265
323
182
338
318
207
303
317
337
232
398
523
187
349
244
203
339
235
248
182
290
352
213
265
201
266
314
594
346
454
413
251
203
536
351
311
204
199
266
191
358
258
184
288
285
182
221
207
354
371
201
395
182
222
485
555
362
281
237
369
202
244
200
248
315
278
296
229
190
194
330
233
285
243
229
344
229
182
330
444
249
271
237
387
382
246
259
299
235
556
279
288
297
443
554
438
182
227
204
300
308
235
185
332
362
202
220
220
356
240
215
222
346
216
390
315
220
244
295
182
241
210
309
274
324
211
206
260
254
195
334
182
194
295
244
347
187
227
515
230
225
184
344
308
199
214
247
262
337
316
525
298
258
303
220
248
188
182
227
186
197
231
269
201
338
197
230
217
240
233
340
325
202
352
386
358
291
392
458
231
342
347
295
198
370
182
201
195
297
438
296
466
397
258
221
400
182
372
374
335
404
562
241
206
676
303
279
246
191
275
233
222
303
218
241
475
375
321
281
209
383
296
182
256
182
285
182
201
274
273
346
253
261
248
330
196
212
353
288
214
245
182
225
185
387
381
329
246
207
432
382
257
235
278
218
249
208
411
195
413
335
537
265
805
649
234
260
227
517
348
561
193
182
189
244
229
182
194
189
337
384
250
228
268
277
183
182
396
327
278
394
185
342
182
498
431
334
182
299
273
331
193
182
226
182
191
193
199
264
293
313
214
249
183
223
303
323
290
191
449
405
244
231
182
220
299
255
261
226
278
442
706
327
223
224
229
198
200
531
697
198
196
231
229
226
202
204
285
198
349
365
260
193
221
319
218
277
353
356
186
198
356
257
284
321
303
293
598
256
221
293
420
183
624
320
245
232
199
290
290
246
645
282
302
357
502
197
186
227
213
393
210
250
399
277
404
232
267
258
304
229
288
188
390
360
236
258
297
440
236
182
344
214
240
197
301
196
196
211
348
217
219
223
260
274
326
207
333
188
278
189
440
227
815
298
373
212
184
351
415
364
288
196
384
182
182
236
282
280
279
359
314
466
182
221
272
213
237
228
412
386
275
254
236
347
276
404
440
319
200
264
321
669
202
631
622
308
377
267
229
198
221
298
260
200
182
197
524
182
182
211
185
323
242
385
182
237
431
273
201
411
199
208
182
296
221
263
278
221
514
488
239
585
409
265
195
428
215
359
365
192
220
321
309
405
204
203
341
215
286
286
213
229
208
221
365
317
353
232
182
264
288
211
228
182
332
365
188
307
248
223
458
272
182
182
350
209
242
221
342
363
349
191
329
459
182
230
401
253
195
182
343
198
193
233
245
224
357
383
200
210
182
182
348
236
182
491
213
212
258
616
304
261
350
299
451
192
426
202
182
273
274
305
334
258
313
203
359
182
233
234
279
185
247
252
335
250
375
346
424
279
309
435
338
198
240
369
194
212
253
314
196
290
182
229
182
182
365
335
215
280
360
212
236
244
365
367
385
364
310
377
182
320
287
393
275
543
374
395
268
439
698
343
242
566
355
315
680
310
429
266
252
232
468
449
932
428
222
484
246
626
303
360
211
221
239
449
226
193
551
584
244
342
185
199
272
182
423
366
430
182
294
208
217
233
211
293
207
403
404
561
182
244
286
235
238
508
267
304
359
209
268
204
208
291
302
368
486
471
282
242
325
200
223
206
277
440
250
188
326
275
345
347
208
193
191
558
182
541
244
204
201
311
387
239
415
221
344
182
276
479
475
234
283
249
371
346
302
296
183
409
361
263
325
280
193
269
186
223
191
341
255
348
194
241
326
222
191
201
296
286
342
290
190
259
252
318
375
182
397
379
593
320
273
334
198
191
266
203
498
214
186
223
215
271
195
183
271
227
272
198
233
234
195
233
239
214
246
349
182
182
320
1092
182
959
194
3418
225
182
364
382
279
194
448
306
239
595
327
286
328
306
198
308
310
385
333
401
375
383
374
315
239
184
273
236
201
557
356
194
304
426
250
196
235
284
208
183
327
255
210
182
248
333
182
182
355
241
217
312
184
198
228
242
244
294
187
298
182
203
430
231
198
185
263
182
304
182
273
232
368
212
190
182
251
264
236
342
221
305
310
241
220
265
182
216
206
182
182
259
182
225
182
222
289
310
392
233
192
231
607
226
214
298
218
315
215
208
267
205
278
363
204
187
208
229
338
183
267
214
331
427
200
233
435
252
248
215
272
305
288
190
296
379
187
311
351
285
220
208
376
423
666
323
358
201
197
242
336
236
238
186
350
444
284
230
411
371
374
241
301
354
281
231
484
200
591
458
182
388
474
250
235
272
250
265
349
228
198
258
411
203
266
231
288
373
196
239
223
196
309
242
365
346
319
229
547
353
184
255
502
391
221
352
394
212
236
336
327
356
283
430
405
283
187
280
372
252
192
234
261
277
514
213
261
238
196
224
400
233
182
370
230
512
608
354
306
339
241
283
184
293
337
273
339
287
394
290
236
277
357
315
185
182
266
185
185
386
333
268
387
353
258
203
288
222
203
264
244
306
182
192
354
212
272
266
246
234
242
270
341
182
343
298
314
411
192
261
415
410
472
222
430
318
308
469
275
283
235
318
197
295
512
297
247
219
274
318
314
199
255
315
220
207
392
229
229
480
281
213
411
182
362
347
196
274
213
551
228
234
287
311
227
379
247
182
182
182
319
272
331
242
497
203
377
328
251
232
431
494
197
236
283
244
380
335
202
182
444
343
537
211
194
276
402
189
213
182
328
360
408
322
558
208
273
377
245
213
266
256
430
198
384
231
225
344
269
197
307
284
277
256
238
463
264
266
198
287
213
475
244
223
266
216
193
383
257
254
428
363
202
275
368
182
400
445
416
412
182
209
247
509
199
210
212
182
184
459
306
276
182
241
254
220
196
266
228
359
380
328
182
219
339
291
222
249
216
313
325
225
492
263
185
480
523
454
186
281
313
228
574
257
182
230
284
255
328
316
287
309
247
182
229
197
207
251
218
222
613
218
441
352
257
269
221
217
182
204
325
335
346
313
505
375
230
311
467
227
227
251
256
265
192
254
273
198
428
262
285
282
289
215
244
372
264
226
182
244
210
349
342
466
277
358
478
293
182
209
519
367
229
292
205
235
274
206
289
435
351
210
465
474
496
189
215
182
205
182
217
304
353
262
201
207
218
245
402
237
296
185
332
192
182
255
349
182
183
328
389
554
511
422
400
185
200
275
239
204
257
873
1072
358
234
195
276
241
263
377
213
292
247
263
325
275
205
239
232
187
271
273
311
182
899
661
251
358
233
390
195
231
303
378
182
267
303
320
205
210
286
325
410
182
276
272
282
393
269
457
366
542
396
182
279
207
200
424
327
236
225
257
316
284
347
203
335
357
204
182
365
301
305
288
386
297
336
182
237
236
389
203
342
182
207
233
239
185
656
299
597
597
290
455
311
329
432
216
303
313
306
691
365
399
357
474
237
205
186
187
286
224
300
250
500
265
216
256
321
216
276
291
299
278
346
255
295
301
290
424
291
182
182
182
487
402
189
287
376
190
637
337
336
254
219
182
182
333
275
271
205
346
334
329
298
387
209
265
182
263
280
219
275
227
280
182
576
492
182
196
221
333
209
182
190
249
287
227
223
244
238
254
575
435
312
202
226
236
399
302
239
252
312
227
230
215
345
294
191
288
182
450
560
229
189
298
436
225
366
183
253
249
182
620
421
294
182
387
311
352
483
192
248
375
334
182
202
277
350
420
306
349
378
237
374
382
350
645
411
650
255
213
290
190
485
318
255
266
203
200
351
300
192
241
235
293
301
516
448
1091
475
304
405
225
463
312
227
315
212
457
244
418
208
237
217
527
249
302
254
233
261
195
333
202
275
397
272
225
508
314
368
257
210
250
386
243
182
203
289
246
283
373
333
293
219
343
351
581
182
243
276
408
182
187
446
207
382
384
273
182
284
468
207
233
337
225
204
340
208
182
591
182
703
353
214
204
351
462
185
280
399
262
385
524
255
326
253
286
253
726
255
591
305
220
257
182
189
294
240
473
244
574
227
196
194
332
316
187
191
294
201
319
182
214
350
293
427
182
186
298
359
192
320
287
244
494
203
271
182
306
262
723
212
302
281
209
328
269
226
289
319
182
241
266
297
458
191
330
284
332
444
226
270
260
326
268
285
255
227
315
196
202
361
384
308
289
295
292
506
379
298
182
527
279
556
280
254
261
182
318
199
344
300
297
378
195
461
230
252
225
245
481
245
182
344
232
357
182
261
253
220
251
291
374
196
284
295
388
329
260
404
231
182
209
191
182
286
182
236
283
228
242
183
364
524
455
328
182
401
250
384
320
281
398
215
269
182
379
435
266
392
195
333
356
198
313
182
190
211
208
182
282
257
222
286
239
330
275
232
415
258
275
692
259
381
319
371
323
183
189
225
317
223
234
271
285
267
224
230
239
238
286
206
245
402
182
317
333
340
216
191
871
344
227
311
296
281
248
372
329
383
197
261
186
556
425
324
250
193
240
310
416
213
277
222
501
263
317
459
363
334
213
501
216
360
236
242
201
226
511
235
226
257
182
318
233
248
191
200
388
291
261
240
261
206
203
381
182
224
402
195
313
227
241
378
509
282
289
248
242
250
227
270
338
356
333
306
182
211
226
194
259
419
260
267
351
243
329
268
369
352
385
231
369
258
332
217
221
962
222
429
487
195
182
486
420
251
198
182
450
184
295
208
193
394
327
622
458
303
568
381
352
260
613
205
233
196
474
568
876
648
336
208
182
268
213
442
455
202
346
237
330
307
327
326
479
329
197
190
404
183
192
369
257
466
303
242
198
243
344
182
185
294
342
465
580
323
310
268
208
400
226
235
218
195
312
297
199
264
205
249
200
270
328
209
212
372
272
313
185
207
213
237
295
325
239
207
182
242
218
203
198
237
216
286
231
350
285
321
389
247
254
246
228
182
367
324
532
284
413
418
328
254
214
253
235
333
558
278
203
318
380
334
473
395
290
383
198
192
224
184
217
239
223
212
382
595
200
236
451
192
332
182
209
261
207
217
382
331
279
287
228
571
222
347
365
182
318
203
289
357
435
229
451
535
288
558
208
225
224
238
213
273
737
329
262
192
228
234
250
354
402
278
204
256
344
303
182
434
221
342
357
310
220
183
668
495
301
398
214
308
225
410
183
359
345
244
190
318
302
183
412
318
281
338
210
407
414
247
426
348
226
318
191
254
246
431
338
200
233
320
369
202
430
501
194
320
182
584
182
254
194
336
470
199
297
221
279
247
202
309
236
238
193
343
189
321
440
219
419
293
266
182
290
376
300
546
466
239
436
252
392
370
214
408
316
537
234
474
443
224
182
408
356
337
202
393
368
271
333
358
358
225
347
596
361
307
260
182
216
195
224
198
260
182
186
191
313
338
219
197
272
182
188
197
311
249
254
208
405
182
240
210
244
204
182
182
283
317
666
216
274
185
182
252
182
183
352
304
341
400
223
276
192
533
200
322
293
451
206
210
261
310
213
453
191
211
321
226
318
280
293
330
587
378
194
358
325
489
424
182
399
217
265
718
182
494
234
225
182
182
341
256
182
330
242
204
336
411
216
235
239
292
443
350
376
195
528
226
189
256
546
399
313
352
308
193
237
323
437
226
416
182
236
285
236
276
487
282
191
182
191
182
250
230
182
258
274
258
298
249
636
257
216
595
415
182
349
405
465
314
421
231
222
507
317
182
247
200
182
211
406
282
380
188
182
294
316
259
214
231
188
278
197
212
190
195
213
200
242
535
277
197
188
280
182
296
362
362
250
273
349
321
217
197
185
235
682
557
274
275
205
346
187
202
191
508
236
285
237
291
407
209
215
561
208
270
182
234
448
213
233
239
218
236
247
182
281
376
182
207
241
210
323
325
405
243
378
356
429
186
228
270
226
287
401
223
346
360
210
346
201
246
273
364
293
258
186
182
333
372
342
267
280
379
376
285
243
489
268
229
214
264
305
260
309
370
428
192
251
349
209
286
350
250
190
231
269
247
323
199
182
243
286
182
269
190
259
388
448
200
295
354
279
204
221
425
298
240
215
219
391
328
283
216
351
213
287
334
331
389
338
306
313
225
277
443
373
301
211
248
517
202
352
216
199
618
221
218
339
280
237
204
431
206
256
276
546
224
281
273
250
238
230
349
500
357
182
253
237
200
265
242
247
284
257
225
286
237
213
182
348
553
500
584
238
471
263
309
343
228
275
309
213
210
216
340
512
182
274
215
355
271
320
213
234
192
263
262
258
185
386
212
203
182
352
218
207
271
350
209
206
209
316
397
225
205
307
329
344
182
268
359
356
201
182
334
327
299
341
305
202
306
220
298
477
323
182
200
221
648
643
206
187
197
383
350
182
437
251
258
312
261
243
213
588
431
390
280
253
185
375
340
391
240
220
276
243
182
266
235
296
210
220
253
202
229
319
441
282
259
280
210
287
295
187
183
565
188
261
321
231
198
283
206
200
334
376
309
305
258
220
361
237
399
447
263
241
321
690
377
182
334
261
310
187
217
381
305
331
225
342
257
432
266
223
265
183
319
229
248
249
484
188
222
254
203
324
434
243
182
381
182
303
256
345
237
289
237
255
242
218
182
229
182
255
201
219
334
214
227
248
418
312
198
303
339
249
355
391
217
182
207
209
257
192
290
203
274
191
457
233
242
260
568
273
334
182
452
214
294
182
286
270
222
204
186
249
198
332
261
213
239
322
430
194
296
218
258
285
226
361
302
194
302
233
261
371
257
195
229
219
201
222
222
216
293
200
258
222
361
264
265
182
184
211
182
184
232
206
222
395
259
232
276
208
503
306
575
268
365
509
286
267
217
210
344
182
254
280
230
256
232
231
361
182
288
346
182
546
188
280
322
433
227
245
305
342
349
201
362
367
236
221
205
390
332
278
354
292
226
243
239
241
340
187
258
261
423
215
497
823
183
297
489
325
332
307
274
259
203
242
187
254
193
205
204
190
232
235
208
182
182
584
242
269
273
294
182
268
182
188
184
288
509
336
480
199
211
205
210
234
298
343
203
253
194
266
182
436
314
273
356
192
189
274
318
242
182
315
437
243
404
327
230
223
257
262
344
470
221
252
214
554
182
287
338
203
222
202
203
182
276
202
763
203
466
480
254
524
485
356
314
346
229
351
239
258
246
197
209
248
237
307
542
216
302
372
197
416
297
345
182
200
241
296
183
433
390
335
275
268
216
275
286
382
282
482
325
238
182
182
208
201
294
265
371
241
247
258
214
223
234
218
241
254
393
226
306
209
775
262
276
182
319
291
444
338
636
227
274
293
366
336
190
260
422
312
568
443
189
196
222
243
196
393
301
204
195
338
227
328
361
496
309
218
244
279
286
228
234
374
227
307
298
399
214
432
209
390
222
305
228
271
184
298
182
279
195
182
381
182
416
284
298
450
315
373
368
363
310
324
323
406
387
324
259
188
272
198
289
454
195
359
513
304
278
262
280
235
189
381
256
454
319
319
274
334
352
304
186
185
237
271
248
374
309
204
274
319
331
189
233
260
215
215
203
220
327
303
182
376
217
458
271
362
379
271
266
211
216
232
208
241
291
272
221
316
224
182
282
313
366
608
234
241
318
264
233
218
182
190
270
342
237
210
229
737
319
252
392
529
206
287
193
191
188
499
283
458
216
217
723
214
240
486
255
275
182
272
513
631
232
289
265
254
185
272
213
499
403
221
316
305
313
201
182
197
182
340
210
216
292
205
186
231
182
211
369
248
341
425
230
398
189
273
340
183
182
648
596
182
212
182
184
232
190
337
443
427
340
308
244
182
385
204
334
214
199
379
196
394
277
419
296
357
283
354
221
214
365
243
332
228
440
509
186
220
182
459
241
183
217
430
182
731
311
361
217
192
272
323
249
190
910
182
255
295
197
324
310
453
276
253
343
277
200
215
339
320
196
320
321
277
191
341
317
349
292
191
284
237
314
199
182
480
315
473
430
298
297
217
336
264
257
297
208
182
232
332
265
558
270
464
196
386
241
218
216
329
204
221
239
245
322
435
267
397
294
219
394
388
204
382
217
314
298
243
444
405
182
281
277
284
343
211
290
328
329
182
225
340
266
188
377
228
489
264
248
182
305
212
291
182
331
210
211
205
437
410
194
339
302
184
293
314
183
293
248
352
344
405
237
220
182
242
291
217
232
487
479
244
253
248
321
215
352
339
251
319
214
385
331
444
202
224
757
210
201
225
388
186
370
240
236
248
288
224
244
202
457
218
186
391
193
202
370
299
202
473
192
221
272
200
205
276
355
258
296
203
221
422
348
339
454
182
240
272
190
227
182
220
182
303
223
281
313
213
207
246
240
191
373
239
239
227
286
411
266
388
222
226
366
212
229
267
250
223
264
184
303
215
278
304
363
232
353
299
265
202
236
282
253
290
251
233
182
205
285
251
233
251
521
296
227
238
300
281
401
264
202
344
263
202
367
393
262
294
716
275
199
347
296
298
270
517
402
358
307
284
251
16571
486
280
364
501
349
258
1284
707
572
268
263
354
299
699
1338
348
240
2288
509
614
191
295
336
323
182
282
290
182
187
206
3011
2465
981
3098
658
1601
469
203
387
248
391
192
194
219
604
735
980
636
534
488
660
3163
989
1536
988
1023
2287
754
196
211
186
198
317
300
483
1280
190
751
751
2179
1435
2437
587
433
1066
722
289
238
399
205
268
318
475
602
227
367
299
223
271
202
354
303
182
240
182
205
258
499
231
230
225
308
259
298
354
247
262
279
275
306
269
379
190
288
247
269
377
194
223
241
192
200
182
258
222
215
245
310
202
272
240
280
247
295
312
285
228
345
267
215
413
218
298
182
182
370
307
227
212
234
302
264
212
192
182
301
367
375
317
183
234
258
182
256
223
241
290
528
182
328
300
256
201
369
218
196
271
251
252
363
276
261
294
182
460
219
186
222
317
305
210
352
182
186
220
346
182
235
203
372
275
292
182
483
604
198
182
184
385
270
226
221
231
226
263
234
212
182
306
194
415
350
187
248
272
227
350
451
305
205
196
182
208
375
204
361
275
568
603
206
257
405
237
475
421
648
284
197
223
182
281
344
191
261
277
232
318
245
182
240
182
245
196
182
182
227
270
246
182
260
196
202
287
257
204
281
239
364
249
253
259
203
186
182
197
379
216
204
202
207
278
199
445
182
278
263
190
235
359
277
186
203
281
290
206
259
183
293
316
182
193
273
266
182
237
287
357
182
190
220
238
200
254
379
201
223
291
188
230
340
203
240
396
297
234
191
239
182
183
182
250
325
300
248
206
290
277
226
294
348
439
200
281
238
182
245
370
240
549
182
189
278
236
372
196
186
451
253
185
308
247
296
215
455
276
392
182
208
268
428
197
204
237
192
196
236
213
187
251
341
220
198
182
215
186
290
182
296
301
206
375
341
187
309
252
199
220
204
251
209
182
196
185
340
194
220
256
280
182
182
212
261
268
185
217
182
384
